msg_id,sender,receiver,size_B,time_send_ms,time_receive_ms,delay_ms
node0_0,node0,node1,100,145,164,19
node0_1,node0,node2,100,145,164,19
node0_2,node0,node3,100,145,164,19
node0_3,node0,node4,100,145,164,19
node0_4,node0,node1,100,2025,2044,19
node0_5,node0,node2,100,2025,2044,19
node0_6,node0,node3,100,2025,2044,19
node0_7,node0,node4,100,2025,2044,19
node0_8,node0,node1,100,3468,3487,19
node0_9,node0,node2,100,3468,3487,19
node0_10,node0,node3,100,3468,3487,19
node0_11,node0,node4,100,3468,3487,19
node0_12,node0,node1,100,3762,3781,19
node0_13,node0,node2,100,3762,3781,19
node0_14,node0,node3,100,3762,3781,19
node0_15,node0,node4,100,3762,3781,19
node0_16,node0,node1,100,4446,4465,19
node0_17,node0,node2,100,4446,4465,19
node0_18,node0,node3,100,4446,4465,19
node0_19,node0,node4,100,4446,4465,19
node0_20,node0,node1,100,5043,5062,19
node0_21,node0,node2,100,5043,5062,19
node0_22,node0,node3,100,5043,5062,19
node0_23,node0,node4,100,5043,5062,19
node0_24,node0,node1,100,6098,6117,19
node0_25,node0,node2,100,6098,6117,19
node0_26,node0,node3,100,6098,6117,19
node0_27,node0,node4,100,6098,6117,19
node0_28,node0,node1,100,7652,7671,19
node0_29,node0,node2,100,7652,7671,19
node0_30,node0,node3,100,7652,7671,19
node0_31,node0,node4,100,7652,7671,19
node0_32,node0,node1,100,7751,7770,19
node0_33,node0,node2,100,7751,7770,19
node0_34,node0,node3,100,7751,7770,19
node0_35,node0,node4,100,7751,7770,19
node0_36,node0,node1,100,7780,7799,19
node0_37,node0,node2,100,7780,7799,19
node0_38,node0,node3,100,7780,7799,19
node0_39,node0,node4,100,7780,7799,19
node0_40,node0,node1,100,9586,9605,19
node0_41,node0,node2,100,9586,9605,19
node0_42,node0,node3,100,9586,9605,19
node0_43,node0,node4,100,9586,9605,19
node0_44,node0,node1,100,10153,10172,19
node0_45,node0,node2,100,10153,10172,19
node0_46,node0,node3,100,10153,10172,19
node0_47,node0,node4,100,10153,10172,19
node0_48,node0,node1,100,11590,11609,19
node0_49,node0,node2,100,11590,11609,19
node0_50,node0,node3,100,11590,11609,19
node0_51,node0,node4,100,11590,11609,19
node0_52,node0,node1,100,11592,11609,17
node0_53,node0,node2,100,11592,11609,17
node0_54,node0,node3,100,11592,11609,17
node0_55,node0,node4,100,11592,11609,17
node0_56,node0,node1,100,12181,12200,19
node0_57,node0,node2,100,12181,12200,19
node0_58,node0,node3,100,12181,12200,19
node0_59,node0,node4,100,12181,12200,19
node0_60,node0,node1,100,13460,13479,19
node0_61,node0,node2,100,13460,13479,19
node0_62,node0,node3,100,13460,13479,19
node0_63,node0,node4,100,13460,13479,19
node0_64,node0,node1,100,13720,13740,20
node0_65,node0,node2,100,13720,13740,20
node0_66,node0,node3,100,13720,13739,19
node0_67,node0,node4,100,13720,13739,19
node0_68,node0,node1,100,16625,16644,19
node0_69,node0,node2,100,16625,16644,19
node0_70,node0,node3,100,16625,16645,20
node0_71,node0,node4,100,16625,16645,20
node0_72,node0,node1,100,18942,18961,19
node0_73,node0,node2,100,18942,18961,19
node0_74,node0,node3,100,18942,18961,19
node0_75,node0,node4,100,18942,18961,19
node0_76,node0,node1,100,18973,18992,19
node0_77,node0,node2,100,18973,18992,19
node0_78,node0,node3,100,18973,18992,19
node0_79,node0,node4,100,18973,18992,19
node0_80,node0,node1,100,18999,19019,20
node0_81,node0,node2,100,18999,19019,20
node0_82,node0,node3,100,18999,19019,20
node0_83,node0,node4,100,18999,19019,20
node0_84,node0,node1,100,19778,19796,18
node0_85,node0,node2,100,19778,19796,18
node0_86,node0,node3,100,19778,19796,18
node0_87,node0,node4,100,19778,19796,18
node0_88,node0,node1,100,22578,22597,19
node0_89,node0,node2,100,22578,22597,19
node0_90,node0,node3,100,22578,22597,19
node0_91,node0,node4,100,22578,22597,19
node0_92,node0,node1,100,23058,23078,20
node0_93,node0,node2,100,23058,23078,20
node0_94,node0,node3,100,23058,23078,20
node0_95,node0,node4,100,23058,23078,20
node0_96,node0,node1,100,23302,23321,19
node0_97,node0,node2,100,23302,23321,19
node0_98,node0,node3,100,23302,23321,19
node0_99,node0,node4,100,23302,23321,19
node0_100,node0,node1,100,23850,23868,18
node0_101,node0,node2,100,23850,23868,18
node0_102,node0,node3,100,23850,23868,18
node0_103,node0,node4,100,23850,23868,18
node0_104,node0,node1,100,23880,23900,20
node0_105,node0,node2,100,23880,23900,20
node0_106,node0,node3,100,23880,23900,20
node0_107,node0,node4,100,23880,23900,20
node0_108,node0,node1,100,24130,24148,18
node0_109,node0,node2,100,24130,24148,18
node0_110,node0,node3,100,24130,24148,18
node0_111,node0,node4,100,24130,24148,18
node0_112,node0,node1,100,24706,24724,18
node0_113,node0,node2,100,24706,24724,18
node0_114,node0,node3,100,24706,24724,18
node0_115,node0,node4,100,24706,24724,18
node0_116,node0,node1,100,25391,25409,18
node0_117,node0,node2,100,25391,25409,18
node0_118,node0,node3,100,25391,25409,18
node0_119,node0,node4,100,25391,25409,18
node0_120,node0,node1,100,25656,25675,19
node0_121,node0,node2,100,25656,25675,19
node0_122,node0,node3,100,25656,25675,19
node0_123,node0,node4,100,25656,25675,19
node0_124,node0,node1,100,25919,25938,19
node0_125,node0,node2,100,25919,25938,19
node0_126,node0,node3,100,25919,25938,19
node0_127,node0,node4,100,25919,25938,19
node0_128,node0,node1,100,26166,26185,19
node0_129,node0,node2,100,26166,26185,19
node0_130,node0,node3,100,26166,26185,19
node0_131,node0,node4,100,26166,26185,19
node0_132,node0,node1,100,26781,26800,19
node0_133,node0,node2,100,26781,26800,19
node0_134,node0,node3,100,26781,26800,19
node0_135,node0,node4,100,26781,26800,19
node0_136,node0,node1,100,27124,27143,19
node0_137,node0,node2,100,27124,27143,19
node0_138,node0,node3,100,27124,27143,19
node0_139,node0,node4,100,27124,27143,19
node0_140,node0,node1,100,27145,27163,18
node0_141,node0,node2,100,27145,27163,18
node0_142,node0,node3,100,27145,27163,18
node0_143,node0,node4,100,27145,27163,18
node0_144,node0,node1,100,28963,28983,20
node0_145,node0,node2,100,28963,28983,20
node0_146,node0,node3,100,28963,28983,20
node0_147,node0,node4,100,28963,28983,20
node0_148,node0,node1,100,29776,29795,19
node0_149,node0,node2,100,29776,29795,19
node0_150,node0,node3,100,29776,29795,19
node0_151,node0,node4,100,29776,29795,19
node0_152,node0,node1,100,30804,30823,19
node0_153,node0,node2,100,30804,30823,19
node0_154,node0,node3,100,30804,30823,19
node0_155,node0,node4,100,30804,30823,19
node0_156,node0,node1,100,31009,31028,19
node0_157,node0,node2,100,31009,31028,19
node0_158,node0,node3,100,31009,31028,19
node0_159,node0,node4,100,31009,31028,19
node0_160,node0,node1,100,35908,35926,18
node0_161,node0,node2,100,35908,35926,18
node0_162,node0,node3,100,35908,35926,18
node0_163,node0,node4,100,35908,35926,18
node0_164,node0,node1,100,37874,37893,19
node0_165,node0,node2,100,37874,37893,19
node0_166,node0,node3,100,37874,37893,19
node0_167,node0,node4,100,37874,37893,19
node0_168,node0,node1,100,38003,38023,20
node0_169,node0,node2,100,38003,38023,20
node0_170,node0,node3,100,38003,38023,20
node0_171,node0,node4,100,38003,38023,20
node0_172,node0,node1,100,38407,38425,18
node0_173,node0,node2,100,38407,38425,18
node0_174,node0,node3,100,38407,38425,18
node0_175,node0,node4,100,38407,38425,18
node0_176,node0,node1,100,39685,39703,18
node0_177,node0,node2,100,39685,39703,18
node0_178,node0,node3,100,39685,39703,18
node0_179,node0,node4,100,39685,39703,18
node0_180,node0,node1,100,40927,40945,18
node0_181,node0,node2,100,40927,40945,18
node0_182,node0,node3,100,40927,40945,18
node0_183,node0,node4,100,40927,40945,18
node0_184,node0,node1,100,43683,43702,19
node0_185,node0,node2,100,43683,43702,19
node0_186,node0,node3,100,43683,43702,19
node0_187,node0,node4,100,43683,43702,19
node0_188,node0,node1,100,44232,44251,19
node0_189,node0,node2,100,44232,44251,19
node0_190,node0,node3,100,44232,44251,19
node0_191,node0,node4,100,44232,44251,19
node0_192,node0,node1,100,46004,46023,19
node0_193,node0,node2,100,46004,46023,19
node0_194,node0,node3,100,46004,46023,19
node0_195,node0,node4,100,46004,46023,19
node0_196,node0,node1,100,47113,47132,19
node0_197,node0,node2,100,47113,47132,19
node0_198,node0,node3,100,47113,47132,19
node0_199,node0,node4,100,47113,47132,19
node0_200,node0,node1,100,47475,47494,19
node0_201,node0,node2,100,47475,47494,19
node0_202,node0,node3,100,47475,47494,19
node0_203,node0,node4,100,47475,47494,19
node0_204,node0,node1,100,48361,48380,19
node0_205,node0,node2,100,48361,48380,19
node0_206,node0,node3,100,48361,48380,19
node0_207,node0,node4,100,48361,48380,19
node0_208,node0,node1,100,50502,50522,20
node0_209,node0,node2,100,50502,50522,20
node0_210,node0,node3,100,50502,50522,20
node0_211,node0,node4,100,50502,50522,20
node0_212,node0,node1,100,52374,52393,19
node0_213,node0,node2,100,52374,52393,19
node0_214,node0,node3,100,52374,52393,19
node0_215,node0,node4,100,52374,52393,19
node0_216,node0,node1,100,53078,53097,19
node0_217,node0,node2,100,53078,53097,19
node0_218,node0,node3,100,53078,53097,19
node0_219,node0,node4,100,53078,53097,19
node0_220,node0,node1,100,53967,53987,20
node0_221,node0,node2,100,53967,53987,20
node0_222,node0,node3,100,53967,53987,20
node0_223,node0,node4,100,53967,53987,20
node0_224,node0,node1,100,54002,54021,19
node0_225,node0,node2,100,54002,54021,19
node0_226,node0,node3,100,54002,54021,19
node0_227,node0,node4,100,54002,54021,19
node0_228,node0,node1,100,54280,54299,19
node0_229,node0,node2,100,54280,54299,19
node0_230,node0,node3,100,54280,54299,19
node0_231,node0,node4,100,54280,54299,19
node0_232,node0,node1,100,55876,55894,18
node0_233,node0,node2,100,55876,55894,18
node0_234,node0,node3,100,55876,55894,18
node0_235,node0,node4,100,55876,55894,18
node0_236,node0,node1,100,56411,56430,19
node0_237,node0,node2,100,56411,56430,19
node0_238,node0,node3,100,56411,56430,19
node0_239,node0,node4,100,56411,56430,19
node0_240,node0,node1,100,56601,56619,18
node0_241,node0,node2,100,56601,56619,18
node0_242,node0,node3,100,56601,56619,18
node0_243,node0,node4,100,56601,56619,18
node0_244,node0,node1,100,57397,57415,18
node0_245,node0,node2,100,57397,57415,18
node0_246,node0,node3,100,57397,57415,18
node0_247,node0,node4,100,57397,57415,18
node0_248,node0,node1,100,58611,58630,19
node0_249,node0,node2,100,58611,58630,19
node0_250,node0,node3,100,58611,58630,19
node0_251,node0,node4,100,58611,58630,19
node0_252,node0,node1,100,59734,59753,19
node0_253,node0,node2,100,59734,59753,19
node0_254,node0,node3,100,59734,59753,19
node0_255,node0,node4,100,59734,59753,19
node0_256,node0,node1,100,60203,60221,18
node0_257,node0,node2,100,60203,60221,18
node0_258,node0,node3,100,60203,60221,18
node0_259,node0,node4,100,60203,60221,18
node0_260,node0,node1,100,60781,60800,19
node0_261,node0,node2,100,60781,60800,19
node0_262,node0,node3,100,60781,60800,19
node0_263,node0,node4,100,60781,60800,19
node0_264,node0,node1,100,61491,61509,18
node0_265,node0,node2,100,61491,61509,18
node0_266,node0,node3,100,61491,61509,18
node0_267,node0,node4,100,61491,61509,18
node0_268,node0,node1,100,62998,63016,18
node0_269,node0,node2,100,62998,63016,18
node0_270,node0,node3,100,62998,63016,18
node0_271,node0,node4,100,62998,63016,18
node0_272,node0,node1,100,63734,63753,19
node0_273,node0,node2,100,63734,63753,19
node0_274,node0,node3,100,63734,63753,19
node0_275,node0,node4,100,63734,63753,19
node0_276,node0,node1,100,64234,64252,18
node0_277,node0,node2,100,64234,64252,18
node0_278,node0,node3,100,64234,64252,18
node0_279,node0,node4,100,64234,64252,18
node0_280,node0,node1,100,64907,64927,20
node0_281,node0,node2,100,64907,64927,20
node0_282,node0,node3,100,64907,64927,20
node0_283,node0,node4,100,64907,64927,20
node0_284,node0,node1,100,64937,64956,19
node0_285,node0,node2,100,64937,64956,19
node0_286,node0,node3,100,64937,64956,19
node0_287,node0,node4,100,64937,64956,19
node0_288,node0,node1,100,64981,65000,19
node0_289,node0,node2,100,64981,65000,19
node0_290,node0,node3,100,64981,65000,19
node0_291,node0,node4,100,64981,65000,19
node0_292,node0,node1,100,66197,66216,19
node0_293,node0,node2,100,66197,66216,19
node0_294,node0,node3,100,66197,66216,19
node0_295,node0,node4,100,66197,66216,19
node0_296,node0,node1,100,70282,70300,18
node0_297,node0,node2,100,70282,70300,18
node0_298,node0,node3,100,70282,70300,18
node0_299,node0,node4,100,70282,70300,18
node0_300,node0,node1,100,71182,71202,20
node0_301,node0,node2,100,71182,71202,20
node0_302,node0,node3,100,71182,71202,20
node0_303,node0,node4,100,71182,71202,20
node0_304,node0,node1,100,71682,71701,19
node0_305,node0,node2,100,71682,71701,19
node0_306,node0,node3,100,71682,71701,19
node0_307,node0,node4,100,71682,71701,19
node0_308,node0,node1,100,71869,71888,19
node0_309,node0,node2,100,71869,71888,19
node0_310,node0,node3,100,71869,71888,19
node0_311,node0,node4,100,71869,71888,19
node0_312,node0,node1,100,72566,72585,19
node0_313,node0,node2,100,72566,72585,19
node0_314,node0,node3,100,72566,72585,19
node0_315,node0,node4,100,72566,72585,19
node0_316,node0,node1,100,76588,76607,19
node0_317,node0,node2,100,76588,76607,19
node0_318,node0,node3,100,76588,76607,19
node0_319,node0,node4,100,76588,76607,19
node0_320,node0,node1,100,78060,78079,19
node0_321,node0,node2,100,78060,78079,19
node0_322,node0,node3,100,78060,78079,19
node0_323,node0,node4,100,78060,78079,19
node0_324,node0,node1,100,78836,78856,20
node0_325,node0,node2,100,78836,78856,20
node0_326,node0,node3,100,78836,78856,20
node0_327,node0,node4,100,78836,78856,20
node0_328,node0,node1,100,80804,80823,19
node0_329,node0,node2,100,80804,80823,19
node0_330,node0,node3,100,80804,80823,19
node0_331,node0,node4,100,80804,80823,19
node0_332,node0,node1,100,81068,81087,19
node0_333,node0,node2,100,81068,81087,19
node0_334,node0,node3,100,81068,81087,19
node0_335,node0,node4,100,81068,81087,19
node0_336,node0,node1,100,81789,81809,20
node0_337,node0,node2,100,81789,81809,20
node0_338,node0,node3,100,81789,81809,20
node0_339,node0,node4,100,81789,81809,20
node0_340,node0,node1,100,84835,84853,18
node0_341,node0,node2,100,84835,84853,18
node0_342,node0,node3,100,84835,84853,18
node0_343,node0,node4,100,84835,84853,18
node0_344,node0,node1,100,85698,85717,19
node0_345,node0,node2,100,85698,85717,19
node0_346,node0,node3,100,85698,85717,19
node0_347,node0,node4,100,85698,85717,19
node0_348,node0,node1,100,86312,86330,18
node0_349,node0,node2,100,86312,86330,18
node0_350,node0,node3,100,86312,86330,18
node0_351,node0,node4,100,86312,86330,18
node0_352,node0,node1,100,86626,86646,20
node0_353,node0,node2,100,86626,86646,20
node0_354,node0,node3,100,86626,86646,20
node0_355,node0,node4,100,86626,86646,20
node0_356,node0,node1,100,87420,87439,19
node0_357,node0,node2,100,87420,87439,19
node0_358,node0,node3,100,87420,87439,19
node0_359,node0,node4,100,87420,87439,19
node0_360,node0,node1,100,90569,90587,18
node0_361,node0,node2,100,90569,90587,18
node0_362,node0,node3,100,90569,90587,18
node0_363,node0,node4,100,90569,90587,18
node0_364,node0,node1,100,90587,90607,20
node0_365,node0,node2,100,90587,90607,20
node0_366,node0,node3,100,90587,90607,20
node0_367,node0,node4,100,90587,90607,20
node0_368,node0,node1,100,92106,92125,19
node0_369,node0,node2,100,92106,92125,19
node0_370,node0,node3,100,92106,92125,19
node0_371,node0,node4,100,92106,92125,19
node0_372,node0,node1,100,93823,93841,18
node0_373,node0,node2,100,93823,93841,18
node0_374,node0,node3,100,93823,93841,18
node0_375,node0,node4,100,93823,93841,18
node0_376,node0,node1,100,95996,96015,19
node0_377,node0,node2,100,95996,96015,19
node0_378,node0,node3,100,95996,96015,19
node0_379,node0,node4,100,95996,96015,19
node0_380,node0,node1,100,97345,97363,18
node0_381,node0,node2,100,97345,97363,18
node0_382,node0,node3,100,97345,97363,18
node0_383,node0,node4,100,97345,97363,18
node0_384,node0,node1,100,99002,99021,19
node0_385,node0,node2,100,99002,99021,19
node0_386,node0,node3,100,99002,99021,19
node0_387,node0,node4,100,99002,99021,19
node0_388,node0,node1,100,99733,99753,20
node0_389,node0,node2,100,99733,99753,20
node0_390,node0,node3,100,99733,99753,20
node0_391,node0,node4,100,99733,99753,20
node0_392,node0,node1,100,100557,100576,19
node0_393,node0,node2,100,100557,100576,19
node0_394,node0,node3,100,100557,100576,19
node0_395,node0,node4,100,100557,100576,19
node0_396,node0,node1,100,101112,101130,18
node0_397,node0,node2,100,101112,101130,18
node0_398,node0,node3,100,101112,101130,18
node0_399,node0,node4,100,101112,101130,18
node0_400,node0,node1,100,101170,101188,18
node0_401,node0,node2,100,101170,101188,18
node0_402,node0,node3,100,101170,101188,18
node0_403,node0,node4,100,101170,101188,18
node0_404,node0,node1,100,103210,103229,19
node0_405,node0,node2,100,103210,103229,19
node0_406,node0,node3,100,103210,103229,19
node0_407,node0,node4,100,103210,103229,19
node0_408,node0,node1,100,104054,104072,18
node0_409,node0,node2,100,104054,104072,18
node0_410,node0,node3,100,104054,104072,18
node0_411,node0,node4,100,104054,104072,18
node0_412,node0,node1,100,104277,104295,18
node0_413,node0,node2,100,104277,104295,18
node0_414,node0,node3,100,104277,104295,18
node0_415,node0,node4,100,104277,104295,18
node0_416,node0,node1,100,104980,105000,20
node0_417,node0,node2,100,104980,105000,20
node0_418,node0,node3,100,104980,105000,20
node0_419,node0,node4,100,104980,105000,20
node0_420,node0,node1,100,105643,105661,18
node0_421,node0,node2,100,105643,105661,18
node0_422,node0,node3,100,105643,105661,18
node0_423,node0,node4,100,105643,105661,18
node0_424,node0,node1,100,106085,106104,19
node0_425,node0,node2,100,106085,106104,19
node0_426,node0,node3,100,106085,106104,19
node0_427,node0,node4,100,106085,106104,19
node0_428,node0,node1,100,106509,106528,19
node0_429,node0,node2,100,106509,106528,19
node0_430,node0,node3,100,106509,106528,19
node0_431,node0,node4,100,106509,106528,19
node0_432,node0,node1,100,107283,107302,19
node0_433,node0,node2,100,107283,107302,19
node0_434,node0,node3,100,107283,107302,19
node0_435,node0,node4,100,107283,107302,19
node0_436,node0,node1,100,108259,108277,18
node0_437,node0,node2,100,108259,108277,18
node0_438,node0,node3,100,108259,108277,18
node0_439,node0,node4,100,108259,108277,18
node0_440,node0,node1,100,109207,109226,19
node0_441,node0,node2,100,109207,109226,19
node0_442,node0,node3,100,109207,109226,19
node0_443,node0,node4,100,109207,109226,19
node0_444,node0,node1,100,109820,109838,18
node0_445,node0,node2,100,109820,109838,18
node0_446,node0,node3,100,109820,109838,18
node0_447,node0,node4,100,109820,109838,18
node0_448,node0,node1,100,109848,109866,18
node0_449,node0,node2,100,109848,109866,18
node0_450,node0,node3,100,109848,109866,18
node0_451,node0,node4,100,109848,109866,18
node0_452,node0,node1,100,110109,110127,18
node0_453,node0,node2,100,110109,110127,18
node0_454,node0,node3,100,110109,110127,18
node0_455,node0,node4,100,110109,110127,18
node0_456,node0,node1,100,110304,110323,19
node0_457,node0,node2,100,110304,110323,19
node0_458,node0,node3,100,110304,110323,19
node0_459,node0,node4,100,110304,110323,19
node0_460,node0,node1,100,111183,111202,19
node0_461,node0,node2,100,111183,111202,19
node0_462,node0,node3,100,111183,111202,19
node0_463,node0,node4,100,111183,111202,19
node0_464,node0,node1,100,113156,113175,19
node0_465,node0,node2,100,113156,113175,19
node0_466,node0,node3,100,113156,113175,19
node0_467,node0,node4,100,113156,113175,19
node0_468,node0,node1,100,114758,114778,20
node0_469,node0,node2,100,114758,114778,20
node0_470,node0,node3,100,114758,114778,20
node0_471,node0,node4,100,114758,114778,20
node0_472,node0,node1,100,116353,116372,19
node0_473,node0,node2,100,116353,116372,19
node0_474,node0,node3,100,116353,116372,19
node0_475,node0,node4,100,116353,116372,19
node0_476,node0,node1,100,118048,118067,19
node0_477,node0,node2,100,118048,118067,19
node0_478,node0,node3,100,118048,118067,19
node0_479,node0,node4,100,118048,118067,19
node0_480,node0,node1,100,118343,118363,20
node0_481,node0,node2,100,118343,118363,20
node0_482,node0,node3,100,118343,118363,20
node0_483,node0,node4,100,118343,118363,20
node0_484,node0,node1,100,120186,120204,18
node0_485,node0,node2,100,120186,120204,18
node0_486,node0,node3,100,120186,120204,18
node0_487,node0,node4,100,120186,120204,18
node0_488,node0,node1,100,121304,121322,18
node0_489,node0,node2,100,121304,121322,18
node0_490,node0,node3,100,121304,121322,18
node0_491,node0,node4,100,121304,121322,18
node0_492,node0,node1,100,121391,121410,19
node0_493,node0,node2,100,121391,121410,19
node0_494,node0,node3,100,121391,121410,19
node0_495,node0,node4,100,121391,121410,19
node0_496,node0,node1,100,121410,121429,19
node0_497,node0,node2,100,121410,121429,19
node0_498,node0,node3,100,121410,121429,19
node0_499,node0,node4,100,121410,121429,19
node0_500,node0,node1,100,121429,121448,19
node0_501,node0,node2,100,121429,121448,19
node0_502,node0,node3,100,121429,121448,19
node0_503,node0,node4,100,121429,121448,19
node0_504,node0,node1,100,122832,122852,20
node0_505,node0,node2,100,122832,122852,20
node0_506,node0,node3,100,122832,122852,20
node0_507,node0,node4,100,122832,122852,20
node0_508,node0,node1,100,123119,123138,19
node0_509,node0,node2,100,123119,123138,19
node0_510,node0,node3,100,123119,123138,19
node0_511,node0,node4,100,123119,123138,19
node0_512,node0,node1,100,123235,123254,19
node0_513,node0,node2,100,123235,123254,19
node0_514,node0,node3,100,123235,123254,19
node0_515,node0,node4,100,123235,123254,19
node0_516,node0,node1,100,124215,124234,19
node0_517,node0,node2,100,124215,124234,19
node0_518,node0,node3,100,124215,124234,19
node0_519,node0,node4,100,124215,124234,19
node0_520,node0,node1,100,124637,124656,19
node0_521,node0,node2,100,124637,124656,19
node0_522,node0,node3,100,124637,124656,19
node0_523,node0,node4,100,124637,124656,19
node0_524,node0,node1,100,124709,124727,18
node0_525,node0,node2,100,124709,124727,18
node0_526,node0,node3,100,124709,124727,18
node0_527,node0,node4,100,124709,124727,18
node0_528,node0,node1,100,124883,124901,18
node0_529,node0,node2,100,124883,124901,18
node0_530,node0,node3,100,124883,124901,18
node0_531,node0,node4,100,124883,124901,18
node0_532,node0,node1,100,125633,125653,20
node0_533,node0,node2,100,125633,125653,20
node0_534,node0,node3,100,125633,125653,20
node0_535,node0,node4,100,125633,125653,20
node0_536,node0,node1,100,125817,125836,19
node0_537,node0,node2,100,125817,125836,19
node0_538,node0,node3,100,125817,125836,19
node0_539,node0,node4,100,125817,125836,19
node0_540,node0,node1,100,126135,126153,18
node0_541,node0,node2,100,126135,126153,18
node0_542,node0,node3,100,126135,126153,18
node0_543,node0,node4,100,126135,126153,18
node0_544,node0,node1,100,127379,127399,20
node0_545,node0,node2,100,127379,127399,20
node0_546,node0,node3,100,127379,127399,20
node0_547,node0,node4,100,127379,127399,20
node0_548,node0,node1,100,127985,128003,18
node0_549,node0,node2,100,127985,128003,18
node0_550,node0,node3,100,127985,128003,18
node0_551,node0,node4,100,127985,128003,18
node0_552,node0,node1,100,128374,128394,20
node0_553,node0,node2,100,128374,128394,20
node0_554,node0,node3,100,128374,128394,20
node0_555,node0,node4,100,128374,128394,20
node0_556,node0,node1,100,129016,129036,20
node0_557,node0,node2,100,129016,129036,20
node0_558,node0,node3,100,129016,129036,20
node0_559,node0,node4,100,129016,129036,20
node0_560,node0,node1,100,129040,129059,19
node0_561,node0,node2,100,129040,129059,19
node0_562,node0,node3,100,129040,129059,19
node0_563,node0,node4,100,129040,129059,19
node0_564,node0,node1,100,129528,129546,18
node0_565,node0,node2,100,129528,129546,18
node0_566,node0,node3,100,129528,129546,18
node0_567,node0,node4,100,129528,129546,18
node0_568,node0,node1,100,130075,130095,20
node0_569,node0,node2,100,130075,130095,20
node0_570,node0,node3,100,130075,130095,20
node0_571,node0,node4,100,130075,130095,20
node0_572,node0,node1,100,130283,130303,20
node0_573,node0,node2,100,130283,130303,20
node0_574,node0,node3,100,130283,130303,20
node0_575,node0,node4,100,130283,130303,20
node0_576,node0,node1,100,130398,130416,18
node0_577,node0,node2,100,130398,130416,18
node0_578,node0,node3,100,130398,130416,18
node0_579,node0,node4,100,130398,130416,18
node0_580,node0,node1,100,132699,132718,19
node0_581,node0,node2,100,132699,132718,19
node0_582,node0,node3,100,132699,132718,19
node0_583,node0,node4,100,132699,132718,19
node0_584,node0,node1,100,133412,133431,19
node0_585,node0,node2,100,133412,133431,19
node0_586,node0,node3,100,133412,133431,19
node0_587,node0,node4,100,133412,133431,19
node0_588,node0,node1,100,133647,133665,18
node0_589,node0,node2,100,133647,133665,18
node0_590,node0,node3,100,133647,133665,18
node0_591,node0,node4,100,133647,133665,18
node0_592,node0,node1,100,134578,134597,19
node0_593,node0,node2,100,134578,134597,19
node0_594,node0,node3,100,134578,134597,19
node0_595,node0,node4,100,134578,134597,19
node0_596,node0,node1,100,136276,136295,19
node0_597,node0,node2,100,136276,136295,19
node0_598,node0,node3,100,136276,136295,19
node0_599,node0,node4,100,136276,136295,19
node0_600,node0,node1,100,136297,136315,18
node0_601,node0,node2,100,136297,136315,18
node0_602,node0,node3,100,136297,136315,18
node0_603,node0,node4,100,136297,136315,18
node0_604,node0,node1,100,136315,136334,19
node0_605,node0,node2,100,136315,136334,19
node0_606,node0,node3,100,136315,136334,19
node0_607,node0,node4,100,136315,136334,19
node0_608,node0,node1,100,136473,136492,19
node0_609,node0,node2,100,136473,136492,19
node0_610,node0,node3,100,136473,136492,19
node0_611,node0,node4,100,136473,136492,19
node0_612,node0,node1,100,137742,137760,18
node0_613,node0,node2,100,137742,137760,18
node0_614,node0,node3,100,137742,137760,18
node0_615,node0,node4,100,137742,137760,18
node0_616,node0,node1,100,137917,137936,19
node0_617,node0,node2,100,137917,137936,19
node0_618,node0,node3,100,137917,137936,19
node0_619,node0,node4,100,137917,137936,19
node0_620,node0,node1,100,139136,139154,18
node0_621,node0,node2,100,139136,139154,18
node0_622,node0,node3,100,139136,139154,18
node0_623,node0,node4,100,139136,139154,18
node0_624,node0,node1,100,140270,140289,19
node0_625,node0,node2,100,140270,140289,19
node0_626,node0,node3,100,140270,140289,19
node0_627,node0,node4,100,140270,140289,19
node0_628,node0,node1,100,141057,141076,19
node0_629,node0,node2,100,141057,141076,19
node0_630,node0,node3,100,141057,141076,19
node0_631,node0,node4,100,141057,141076,19
node0_632,node0,node1,100,141306,141324,18
node0_633,node0,node2,100,141306,141324,18
node0_634,node0,node3,100,141306,141324,18
node0_635,node0,node4,100,141306,141324,18
node0_636,node0,node1,100,145019,145038,19
node0_637,node0,node2,100,145019,145038,19
node0_638,node0,node3,100,145019,145038,19
node0_639,node0,node4,100,145019,145038,19
node0_640,node0,node1,100,146618,146637,19
node0_641,node0,node2,100,146618,146637,19
node0_642,node0,node3,100,146618,146637,19
node0_643,node0,node4,100,146618,146637,19
node0_644,node0,node1,100,147345,147364,19
node0_645,node0,node2,100,147345,147364,19
node0_646,node0,node3,100,147345,147364,19
node0_647,node0,node4,100,147345,147364,19
node0_648,node0,node1,100,147597,147616,19
node0_649,node0,node2,100,147597,147616,19
node0_650,node0,node3,100,147597,147616,19
node0_651,node0,node4,100,147597,147616,19
node0_652,node0,node1,100,148643,148662,19
node0_653,node0,node2,100,148643,148662,19
node0_654,node0,node3,100,148643,148662,19
node0_655,node0,node4,100,148643,148662,19
node0_656,node0,node1,100,149145,149163,18
node0_657,node0,node2,100,149145,149163,18
node0_658,node0,node3,100,149145,149163,18
node0_659,node0,node4,100,149145,149163,18
node0_660,node0,node1,100,150003,150023,20
node0_661,node0,node2,100,150003,150023,20
node0_662,node0,node3,100,150003,150023,20
node0_663,node0,node4,100,150003,150023,20
node0_664,node0,node1,100,150390,150408,18
node0_665,node0,node2,100,150390,150408,18
node0_666,node0,node3,100,150390,150408,18
node0_667,node0,node4,100,150390,150408,18
node0_668,node0,node1,100,151387,151405,18
node0_669,node0,node2,100,151387,151405,18
node0_670,node0,node3,100,151387,151405,18
node0_671,node0,node4,100,151387,151405,18
node0_672,node0,node1,100,151448,151468,20
node0_673,node0,node2,100,151448,151468,20
node0_674,node0,node3,100,151448,151468,20
node0_675,node0,node4,100,151448,151468,20
node0_676,node0,node1,100,151802,151820,18
node0_677,node0,node2,100,151802,151820,18
node0_678,node0,node3,100,151802,151820,18
node0_679,node0,node4,100,151802,151820,18
node0_680,node0,node1,100,155241,155259,18
node0_681,node0,node2,100,155241,155259,18
node0_682,node0,node3,100,155241,155259,18
node0_683,node0,node4,100,155241,155259,18
node0_684,node0,node1,100,157325,157343,18
node0_685,node0,node2,100,157325,157343,18
node0_686,node0,node3,100,157325,157343,18
node0_687,node0,node4,100,157325,157343,18
node0_688,node0,node1,100,157691,157711,20
node0_689,node0,node2,100,157691,157711,20
node0_690,node0,node3,100,157691,157711,20
node0_691,node0,node4,100,157691,157711,20
node0_692,node0,node1,100,159646,159664,18
node0_693,node0,node2,100,159646,159664,18
node0_694,node0,node3,100,159646,159664,18
node0_695,node0,node4,100,159646,159664,18
node0_696,node0,node1,100,160018,160036,18
node0_697,node0,node2,100,160018,160036,18
node0_698,node0,node3,100,160018,160036,18
node0_699,node0,node4,100,160018,160036,18
node0_700,node0,node1,100,162820,162840,20
node0_701,node0,node2,100,162820,162840,20
node0_702,node0,node3,100,162820,162840,20
node0_703,node0,node4,100,162820,162840,20
node0_704,node0,node1,100,164182,164201,19
node0_705,node0,node2,100,164182,164201,19
node0_706,node0,node3,100,164182,164201,19
node0_707,node0,node4,100,164182,164201,19
node0_708,node0,node1,100,164720,164739,19
node0_709,node0,node2,100,164720,164739,19
node0_710,node0,node3,100,164720,164739,19
node0_711,node0,node4,100,164720,164739,19
node0_712,node0,node1,100,165011,165031,20
node0_713,node0,node2,100,165011,165031,20
node0_714,node0,node3,100,165011,165031,20
node0_715,node0,node4,100,165011,165031,20
node0_716,node0,node1,100,165031,165050,19
node0_717,node0,node2,100,165031,165050,19
node0_718,node0,node3,100,165031,165050,19
node0_719,node0,node4,100,165031,165050,19
node0_720,node0,node1,100,167129,167148,19
node0_721,node0,node2,100,167129,167148,19
node0_722,node0,node3,100,167129,167148,19
node0_723,node0,node4,100,167129,167148,19
node0_724,node0,node1,100,167167,167186,19
node0_725,node0,node2,100,167167,167186,19
node0_726,node0,node3,100,167167,167186,19
node0_727,node0,node4,100,167167,167186,19
node0_728,node0,node1,100,168879,168898,19
node0_729,node0,node2,100,168879,168898,19
node0_730,node0,node3,100,168879,168898,19
node0_731,node0,node4,100,168879,168898,19
node0_732,node0,node1,100,172154,172172,18
node0_733,node0,node2,100,172154,172172,18
node0_734,node0,node3,100,172154,172172,18
node0_735,node0,node4,100,172154,172172,18
node0_736,node0,node1,100,172999,173017,18
node0_737,node0,node2,100,172999,173017,18
node0_738,node0,node3,100,172999,173017,18
node0_739,node0,node4,100,172999,173017,18
node0_740,node0,node1,100,173187,173206,19
node0_741,node0,node2,100,173187,173206,19
node0_742,node0,node3,100,173187,173206,19
node0_743,node0,node4,100,173187,173206,19
node0_744,node0,node1,100,175210,175228,18
node0_745,node0,node2,100,175210,175228,18
node0_746,node0,node3,100,175210,175228,18
node0_747,node0,node4,100,175210,175228,18
node0_748,node0,node1,100,178852,178871,19
node0_749,node0,node2,100,178852,178871,19
node0_750,node0,node3,100,178852,178871,19
node0_751,node0,node4,100,178852,178871,19
node0_752,node0,node1,100,180069,180088,19
node0_753,node0,node2,100,180069,180088,19
node0_754,node0,node3,100,180069,180088,19
node0_755,node0,node4,100,180069,180088,19
node0_756,node0,node1,100,180780,180798,18
node0_757,node0,node2,100,180780,180798,18
node0_758,node0,node3,100,180780,180798,18
node0_759,node0,node4,100,180780,180798,18
node0_760,node0,node1,100,181255,181274,19
node0_761,node0,node2,100,181255,181274,19
node0_762,node0,node3,100,181255,181274,19
node0_763,node0,node4,100,181255,181274,19
node0_764,node0,node1,100,181681,181701,20
node0_765,node0,node2,100,181681,181701,20
node0_766,node0,node3,100,181681,181701,20
node0_767,node0,node4,100,181681,181701,20
node0_768,node0,node1,100,181911,181929,18
node0_769,node0,node2,100,181911,181929,18
node0_770,node0,node3,100,181911,181929,18
node0_771,node0,node4,100,181911,181929,18
node0_772,node0,node1,100,183033,183052,19
node0_773,node0,node2,100,183033,183052,19
node0_774,node0,node3,100,183033,183052,19
node0_775,node0,node4,100,183033,183052,19
node0_776,node0,node1,100,183600,183620,20
node0_777,node0,node2,100,183600,183620,20
node0_778,node0,node3,100,183600,183620,20
node0_779,node0,node4,100,183600,183620,20
node0_780,node0,node1,100,183816,183835,19
node0_781,node0,node2,100,183816,183835,19
node0_782,node0,node3,100,183816,183835,19
node0_783,node0,node4,100,183816,183835,19
node0_784,node0,node1,100,183926,183944,18
node0_785,node0,node2,100,183926,183944,18
node0_786,node0,node3,100,183926,183944,18
node0_787,node0,node4,100,183926,183944,18
node0_788,node0,node1,100,185022,185040,18
node0_789,node0,node2,100,185022,185040,18
node0_790,node0,node3,100,185022,185040,18
node0_791,node0,node4,100,185022,185040,18
node0_792,node0,node1,100,185374,185394,20
node0_793,node0,node2,100,185374,185394,20
node0_794,node0,node3,100,185374,185394,20
node0_795,node0,node4,100,185374,185394,20
node0_796,node0,node1,100,186066,186084,18
node0_797,node0,node2,100,186066,186084,18
node0_798,node0,node3,100,186066,186084,18
node0_799,node0,node4,100,186066,186084,18
node0_800,node0,node1,100,186460,186479,19
node0_801,node0,node2,100,186460,186479,19
node0_802,node0,node3,100,186460,186479,19
node0_803,node0,node4,100,186460,186479,19
node0_804,node0,node1,100,188513,188533,20
node0_805,node0,node2,100,188513,188533,20
node0_806,node0,node3,100,188513,188533,20
node0_807,node0,node4,100,188513,188533,20
node0_808,node0,node1,100,190812,190830,18
node0_809,node0,node2,100,190812,190830,18
node0_810,node0,node3,100,190812,190830,18
node0_811,node0,node4,100,190812,190830,18
node0_812,node0,node1,100,190830,190849,19
node0_813,node0,node2,100,190830,190849,19
node0_814,node0,node3,100,190830,190849,19
node0_815,node0,node4,100,190830,190849,19
node0_816,node0,node1,100,191054,191073,19
node0_817,node0,node2,100,191054,191073,19
node0_818,node0,node3,100,191054,191073,19
node0_819,node0,node4,100,191054,191073,19
node0_820,node0,node1,100,191452,191471,19
node0_821,node0,node2,100,191452,191471,19
node0_822,node0,node3,100,191452,191471,19
node0_823,node0,node4,100,191452,191471,19
node0_824,node0,node1,100,195798,195816,18
node0_825,node0,node2,100,195798,195816,18
node0_826,node0,node3,100,195798,195816,18
node0_827,node0,node4,100,195798,195816,18
node0_828,node0,node1,100,197325,197345,20
node0_829,node0,node2,100,197325,197345,20
node0_830,node0,node3,100,197325,197345,20
node0_831,node0,node4,100,197325,197345,20
node0_832,node0,node1,100,197739,197758,19
node0_833,node0,node2,100,197739,197758,19
node0_834,node0,node3,100,197739,197758,19
node0_835,node0,node4,100,197739,197758,19
node0_836,node0,node1,100,197978,197996,18
node0_837,node0,node2,100,197978,197996,18
node0_838,node0,node3,100,197978,197996,18
node0_839,node0,node4,100,197978,197996,18
node0_840,node0,node1,100,199101,199121,20
node0_841,node0,node2,100,199101,199121,20
node0_842,node0,node3,100,199101,199121,20
node0_843,node0,node4,100,199101,199121,20
node0_844,node0,node1,100,200919,200937,18
node0_845,node0,node2,100,200919,200937,18
node0_846,node0,node3,100,200919,200937,18
node0_847,node0,node4,100,200919,200937,18
node0_848,node0,node1,100,203610,203628,18
node0_849,node0,node2,100,203610,203628,18
node0_850,node0,node3,100,203610,203628,18
node0_851,node0,node4,100,203610,203628,18
node0_852,node0,node1,100,204031,204049,18
node0_853,node0,node2,100,204031,204049,18
node0_854,node0,node3,100,204031,204049,18
node0_855,node0,node4,100,204031,204049,18
node0_856,node0,node1,100,206172,206192,20
node0_857,node0,node2,100,206172,206192,20
node0_858,node0,node3,100,206172,206192,20
node0_859,node0,node4,100,206172,206192,20
node0_860,node0,node1,100,207334,207353,19
node0_861,node0,node2,100,207334,207353,19
node0_862,node0,node3,100,207334,207353,19
node0_863,node0,node4,100,207334,207353,19
node0_864,node0,node1,100,207996,208014,18
node0_865,node0,node2,100,207996,208014,18
node0_866,node0,node3,100,207996,208014,18
node0_867,node0,node4,100,207996,208014,18
node0_868,node0,node1,100,212230,212249,19
node0_869,node0,node2,100,212230,212249,19
node0_870,node0,node3,100,212230,212249,19
node0_871,node0,node4,100,212230,212249,19
node0_872,node0,node1,100,212498,212517,19
node0_873,node0,node2,100,212498,212517,19
node0_874,node0,node3,100,212498,212517,19
node0_875,node0,node4,100,212498,212517,19
node0_876,node0,node1,100,213791,213810,19
node0_877,node0,node2,100,213791,213810,19
node0_878,node0,node3,100,213791,213810,19
node0_879,node0,node4,100,213791,213810,19
node0_880,node0,node1,100,213879,213898,19
node0_881,node0,node2,100,213879,213898,19
node0_882,node0,node3,100,213879,213898,19
node0_883,node0,node4,100,213879,213898,19
node0_884,node0,node1,100,214065,214083,18
node0_885,node0,node2,100,214065,214083,18
node0_886,node0,node3,100,214065,214083,18
node0_887,node0,node4,100,214065,214083,18
node0_888,node0,node1,100,216484,216503,19
node0_889,node0,node2,100,216484,216503,19
node0_890,node0,node3,100,216484,216503,19
node0_891,node0,node4,100,216484,216503,19
node0_892,node0,node1,100,216723,216742,19
node0_893,node0,node2,100,216723,216742,19
node0_894,node0,node3,100,216723,216742,19
node0_895,node0,node4,100,216723,216742,19
node0_896,node0,node1,100,218147,218166,19
node0_897,node0,node2,100,218147,218166,19
node0_898,node0,node3,100,218147,218166,19
node0_899,node0,node4,100,218147,218166,19
node0_900,node0,node1,100,219064,219083,19
node0_901,node0,node2,100,219064,219083,19
node0_902,node0,node3,100,219064,219083,19
node0_903,node0,node4,100,219064,219083,19
node0_904,node0,node1,100,220903,220921,18
node0_905,node0,node2,100,220903,220921,18
node0_906,node0,node3,100,220903,220921,18
node0_907,node0,node4,100,220903,220921,18
node0_908,node0,node1,100,221362,221381,19
node0_909,node0,node2,100,221362,221381,19
node0_910,node0,node3,100,221362,221381,19
node0_911,node0,node4,100,221362,221381,19
node0_912,node0,node1,100,221778,221796,18
node0_913,node0,node2,100,221778,221796,18
node0_914,node0,node3,100,221778,221796,18
node0_915,node0,node4,100,221778,221796,18
node0_916,node0,node1,100,222123,222142,19
node0_917,node0,node2,100,222123,222142,19
node0_918,node0,node3,100,222123,222142,19
node0_919,node0,node4,100,222123,222142,19
node0_920,node0,node1,100,224143,224162,19
node0_921,node0,node2,100,224143,224162,19
node0_922,node0,node3,100,224143,224162,19
node0_923,node0,node4,100,224143,224162,19
node0_924,node0,node1,100,225069,225087,18
node0_925,node0,node2,100,225069,225087,18
node0_926,node0,node3,100,225069,225087,18
node0_927,node0,node4,100,225069,225087,18
node0_928,node0,node1,100,228155,228173,18
node0_929,node0,node2,100,228155,228173,18
node0_930,node0,node3,100,228155,228173,18
node0_931,node0,node4,100,228155,228173,18
node0_932,node0,node1,100,230338,230357,19
node0_933,node0,node2,100,230338,230357,19
node0_934,node0,node3,100,230338,230357,19
node0_935,node0,node4,100,230338,230357,19
node0_936,node0,node1,100,230483,230501,18
node0_937,node0,node2,100,230483,230501,18
node0_938,node0,node3,100,230483,230501,18
node0_939,node0,node4,100,230483,230501,18
node0_940,node0,node1,100,231285,231304,19
node0_941,node0,node2,100,231285,231304,19
node0_942,node0,node3,100,231285,231304,19
node0_943,node0,node4,100,231285,231304,19
node0_944,node0,node1,100,231395,231415,20
node0_945,node0,node2,100,231395,231415,20
node0_946,node0,node3,100,231395,231415,20
node0_947,node0,node4,100,231395,231415,20
node0_948,node0,node1,100,231435,231454,19
node0_949,node0,node2,100,231435,231454,19
node0_950,node0,node3,100,231435,231454,19
node0_951,node0,node4,100,231435,231454,19
node0_952,node0,node1,100,231511,231530,19
node0_953,node0,node2,100,231511,231530,19
node0_954,node0,node3,100,231511,231530,19
node0_955,node0,node4,100,231511,231530,19
node0_956,node0,node1,100,233522,233541,19
node0_957,node0,node2,100,233522,233541,19
node0_958,node0,node3,100,233522,233541,19
node0_959,node0,node4,100,233522,233541,19
node0_960,node0,node1,100,235073,235092,19
node0_961,node0,node2,100,235073,235092,19
node0_962,node0,node3,100,235073,235092,19
node0_963,node0,node4,100,235073,235092,19
node0_964,node0,node1,100,236837,236856,19
node0_965,node0,node2,100,236837,236856,19
node0_966,node0,node3,100,236837,236856,19
node0_967,node0,node4,100,236837,236856,19
node0_968,node0,node1,100,237254,237273,19
node0_969,node0,node2,100,237254,237273,19
node0_970,node0,node3,100,237254,237273,19
node0_971,node0,node4,100,237254,237273,19
node0_972,node0,node1,100,238209,238229,20
node0_973,node0,node2,100,238209,238229,20
node0_974,node0,node3,100,238209,238229,20
node0_975,node0,node4,100,238209,238229,20
node0_976,node0,node1,100,239731,239749,18
node0_977,node0,node2,100,239731,239749,18
node0_978,node0,node3,100,239731,239749,18
node0_979,node0,node4,100,239731,239749,18
node0_980,node0,node1,100,240206,240224,18
node0_981,node0,node2,100,240206,240224,18
node0_982,node0,node3,100,240206,240224,18
node0_983,node0,node4,100,240206,240224,18
node0_984,node0,node1,100,241052,241071,19
node0_985,node0,node2,100,241052,241071,19
node0_986,node0,node3,100,241052,241071,19
node0_987,node0,node4,100,241052,241071,19
node0_988,node0,node1,100,241305,241323,18
node0_989,node0,node2,100,241305,241323,18
node0_990,node0,node3,100,241305,241323,18
node0_991,node0,node4,100,241305,241323,18
node0_992,node0,node1,100,241391,241410,19
node0_993,node0,node2,100,241391,241410,19
node0_994,node0,node3,100,241391,241410,19
node0_995,node0,node4,100,241391,241410,19
node0_996,node0,node1,100,241701,241721,20
node0_997,node0,node2,100,241701,241721,20
node0_998,node0,node3,100,241701,241721,20
node0_999,node0,node4,100,241701,241721,20
node0_1000,node0,node1,100,243915,243933,18
node0_1001,node0,node2,100,243915,243933,18
node0_1002,node0,node3,100,243915,243933,18
node0_1003,node0,node4,100,243915,243933,18
node0_1004,node0,node1,100,244746,244764,18
node0_1005,node0,node2,100,244746,244764,18
node0_1006,node0,node3,100,244746,244764,18
node0_1007,node0,node4,100,244746,244764,18
node0_1008,node0,node1,100,247337,247356,19
node0_1009,node0,node2,100,247337,247356,19
node0_1010,node0,node3,100,247337,247356,19
node0_1011,node0,node4,100,247337,247356,19
node0_1012,node0,node1,100,247949,247967,18
node0_1013,node0,node2,100,247949,247967,18
node0_1014,node0,node3,100,247949,247967,18
node0_1015,node0,node4,100,247949,247967,18
node0_1016,node0,node1,100,248274,248292,18
node0_1017,node0,node2,100,248274,248292,18
node0_1018,node0,node3,100,248274,248292,18
node0_1019,node0,node4,100,248274,248292,18
node0_1020,node0,node1,100,249821,249840,19
node0_1021,node0,node2,100,249821,249840,19
node0_1022,node0,node3,100,249821,249840,19
node0_1023,node0,node4,100,249821,249840,19
node0_1024,node0,node1,100,251579,251598,19
node0_1025,node0,node2,100,251579,251598,19
node0_1026,node0,node3,100,251579,251598,19
node0_1027,node0,node4,100,251579,251598,19
node0_1028,node0,node1,100,251598,251617,19
node0_1029,node0,node2,100,251598,251617,19
node0_1030,node0,node3,100,251598,251617,19
node0_1031,node0,node4,100,251598,251617,19
node0_1032,node0,node1,100,252702,252721,19
node0_1033,node0,node2,100,252702,252721,19
node0_1034,node0,node3,100,252702,252721,19
node0_1035,node0,node4,100,252702,252721,19
node0_1036,node0,node1,100,252798,252817,19
node0_1037,node0,node2,100,252798,252817,19
node0_1038,node0,node3,100,252798,252817,19
node0_1039,node0,node4,100,252798,252817,19
node0_1040,node0,node1,100,252920,252938,18
node0_1041,node0,node2,100,252920,252938,18
node0_1042,node0,node3,100,252920,252938,18
node0_1043,node0,node4,100,252920,252938,18
node0_1044,node0,node1,100,255084,255103,19
node0_1045,node0,node2,100,255084,255103,19
node0_1046,node0,node3,100,255084,255103,19
node0_1047,node0,node4,100,255084,255103,19
node0_1048,node0,node1,100,255124,255143,19
node0_1049,node0,node2,100,255124,255143,19
node0_1050,node0,node3,100,255124,255143,19
node0_1051,node0,node4,100,255124,255143,19
node0_1052,node0,node1,100,255398,255416,18
node0_1053,node0,node2,100,255398,255416,18
node0_1054,node0,node3,100,255398,255416,18
node0_1055,node0,node4,100,255398,255416,18
node0_1056,node0,node1,100,259835,259854,19
node0_1057,node0,node2,100,259835,259854,19
node0_1058,node0,node3,100,259835,259854,19
node0_1059,node0,node4,100,259835,259854,19
node0_1060,node0,node1,100,260381,260400,19
node0_1061,node0,node2,100,260381,260400,19
node0_1062,node0,node3,100,260381,260400,19
node0_1063,node0,node4,100,260381,260400,19
node0_1064,node0,node1,100,260504,260524,20
node0_1065,node0,node2,100,260504,260524,20
node0_1066,node0,node3,100,260504,260524,20
node0_1067,node0,node4,100,260504,260524,20
node0_1068,node0,node1,100,260687,260706,19
node0_1069,node0,node2,100,260687,260706,19
node0_1070,node0,node3,100,260687,260706,19
node0_1071,node0,node4,100,260687,260706,19
node0_1072,node0,node1,100,260963,260981,18
node0_1073,node0,node2,100,260963,260981,18
node0_1074,node0,node3,100,260963,260981,18
node0_1075,node0,node4,100,260963,260981,18
node0_1076,node0,node1,100,262326,262346,20
node0_1077,node0,node2,100,262326,262346,20
node0_1078,node0,node3,100,262326,262346,20
node0_1079,node0,node4,100,262326,262346,20
node0_1080,node0,node1,100,262434,262452,18
node0_1081,node0,node2,100,262434,262452,18
node0_1082,node0,node3,100,262434,262452,18
node0_1083,node0,node4,100,262434,262452,18
node0_1084,node0,node1,100,264851,264870,19
node0_1085,node0,node2,100,264851,264870,19
node0_1086,node0,node3,100,264851,264870,19
node0_1087,node0,node4,100,264851,264870,19
node0_1088,node0,node1,100,265326,265345,19
node0_1089,node0,node2,100,265326,265345,19
node0_1090,node0,node3,100,265326,265345,19
node0_1091,node0,node4,100,265326,265345,19
node0_1092,node0,node1,100,268842,268861,19
node0_1093,node0,node2,100,268842,268861,19
node0_1094,node0,node3,100,268842,268861,19
node0_1095,node0,node4,100,268842,268861,19
node0_1096,node0,node1,100,271241,271260,19
node0_1097,node0,node2,100,271241,271260,19
node0_1098,node0,node3,100,271241,271260,19
node0_1099,node0,node4,100,271241,271260,19
node0_1100,node0,node1,100,271589,271608,19
node0_1101,node0,node2,100,271589,271608,19
node0_1102,node0,node3,100,271589,271608,19
node0_1103,node0,node4,100,271589,271608,19
node0_1104,node0,node1,100,271881,271899,18
node0_1105,node0,node2,100,271881,271899,18
node0_1106,node0,node3,100,271881,271899,18
node0_1107,node0,node4,100,271881,271899,18
node0_1108,node0,node1,100,272530,272549,19
node0_1109,node0,node2,100,272530,272549,19
node0_1110,node0,node3,100,272530,272549,19
node0_1111,node0,node4,100,272530,272549,19
node0_1112,node0,node1,100,272635,272654,19
node0_1113,node0,node2,100,272635,272654,19
node0_1114,node0,node3,100,272635,272654,19
node0_1115,node0,node4,100,272635,272654,19
node0_1116,node0,node1,100,273691,273710,19
node0_1117,node0,node2,100,273691,273710,19
node0_1118,node0,node3,100,273691,273710,19
node0_1119,node0,node4,100,273691,273710,19
node0_1120,node0,node1,100,273731,273749,18
node0_1121,node0,node2,100,273731,273749,18
node0_1122,node0,node3,100,273731,273749,18
node0_1123,node0,node4,100,273731,273749,18
node0_1124,node0,node1,100,273749,273768,19
node0_1125,node0,node2,100,273749,273768,19
node0_1126,node0,node3,100,273749,273768,19
node0_1127,node0,node4,100,273749,273768,19
node0_1128,node0,node1,100,277792,277811,19
node0_1129,node0,node2,100,277792,277811,19
node0_1130,node0,node3,100,277792,277811,19
node0_1131,node0,node4,100,277792,277811,19
node0_1132,node0,node1,100,278142,278160,18
node0_1133,node0,node2,100,278142,278160,18
node0_1134,node0,node3,100,278142,278160,18
node0_1135,node0,node4,100,278142,278160,18
node0_1136,node0,node1,100,279050,279068,18
node0_1137,node0,node2,100,279050,279068,18
node0_1138,node0,node3,100,279050,279068,18
node0_1139,node0,node4,100,279050,279068,18
node0_1140,node0,node1,100,279648,279668,20
node0_1141,node0,node2,100,279648,279668,20
node0_1142,node0,node3,100,279648,279668,20
node0_1143,node0,node4,100,279648,279668,20
node0_1144,node0,node1,100,280024,280043,19
node0_1145,node0,node2,100,280024,280043,19
node0_1146,node0,node3,100,280024,280043,19
node0_1147,node0,node4,100,280024,280043,19
node0_1148,node0,node1,100,280089,280108,19
node0_1149,node0,node2,100,280089,280108,19
node0_1150,node0,node3,100,280089,280108,19
node0_1151,node0,node4,100,280089,280108,19
node0_1152,node0,node1,100,282535,282555,20
node0_1153,node0,node2,100,282535,282555,20
node0_1154,node0,node3,100,282535,282555,20
node0_1155,node0,node4,100,282535,282555,20
node0_1156,node0,node1,100,286035,286053,18
node0_1157,node0,node2,100,286035,286053,18
node0_1158,node0,node3,100,286035,286053,18
node0_1159,node0,node4,100,286035,286053,18
node0_1160,node0,node1,100,289535,289553,18
node0_1161,node0,node2,100,289535,289553,18
node0_1162,node0,node3,100,289535,289553,18
node0_1163,node0,node4,100,289535,289553,18
node0_1164,node0,node1,100,289653,289672,19
node0_1165,node0,node2,100,289653,289672,19
node0_1166,node0,node3,100,289653,289672,19
node0_1167,node0,node4,100,289653,289672,19
node0_1168,node0,node1,100,289896,289915,19
node0_1169,node0,node2,100,289896,289915,19
node0_1170,node0,node3,100,289896,289915,19
node0_1171,node0,node4,100,289896,289915,19
node0_1172,node0,node1,100,290857,290875,18
node0_1173,node0,node2,100,290857,290875,18
node0_1174,node0,node3,100,290857,290875,18
node0_1175,node0,node4,100,290857,290875,18
node0_1176,node0,node1,100,294767,294786,19
node0_1177,node0,node2,100,294767,294786,19
node0_1178,node0,node3,100,294767,294786,19
node0_1179,node0,node4,100,294767,294786,19
node0_1180,node0,node1,100,295550,295569,19
node0_1181,node0,node2,100,295550,295569,19
node0_1182,node0,node3,100,295550,295569,19
node0_1183,node0,node4,100,295550,295569,19
node0_1184,node0,node1,100,296715,296733,18
node0_1185,node0,node2,100,296715,296733,18
node0_1186,node0,node3,100,296715,296733,18
node0_1187,node0,node4,100,296715,296733,18
node0_1188,node0,node1,100,297799,297817,18
node0_1189,node0,node2,100,297799,297817,18
node0_1190,node0,node3,100,297799,297817,18
node0_1191,node0,node4,100,297799,297817,18
node0_1192,node0,node1,100,298099,298118,19
node0_1193,node0,node2,100,298099,298118,19
node0_1194,node0,node3,100,298099,298118,19
node0_1195,node0,node4,100,298099,298118,19
node0_1196,node0,node1,100,298879,298897,18
node0_1197,node0,node2,100,298879,298897,18
node0_1198,node0,node3,100,298879,298897,18
node0_1199,node0,node4,100,298879,298897,18
node0_1200,node0,node1,100,299247,299266,19
node0_1201,node0,node2,100,299247,299266,19
node0_1202,node0,node3,100,299247,299266,19
node0_1203,node0,node4,100,299247,299266,19
node0_1204,node0,node1,100,299529,299548,19
node0_1205,node0,node2,100,299529,299548,19
node0_1206,node0,node3,100,299529,299548,19
node0_1207,node0,node4,100,299529,299548,19
node0_1208,node0,node1,100,299614,299632,18
node0_1209,node0,node2,100,299614,299632,18
node0_1210,node0,node3,100,299614,299632,18
node0_1211,node0,node4,100,299614,299632,18
node0_1212,node0,node1,100,299944,299963,19
node0_1213,node0,node2,100,299944,299963,19
node0_1214,node0,node3,100,299944,299963,19
node0_1215,node0,node4,100,299944,299963,19
node0_1216,node0,node1,100,304041,304061,20
node0_1217,node0,node2,100,304041,304061,20
node0_1218,node0,node3,100,304041,304061,20
node0_1219,node0,node4,100,304041,304061,20
node0_1220,node0,node1,100,304635,304654,19
node0_1221,node0,node2,100,304635,304654,19
node0_1222,node0,node3,100,304635,304654,19
node0_1223,node0,node4,100,304635,304654,19
node0_1224,node0,node1,100,305690,305708,18
node0_1225,node0,node2,100,305690,305708,18
node0_1226,node0,node3,100,305690,305708,18
node0_1227,node0,node4,100,305690,305708,18
node0_1228,node0,node1,100,306722,306742,20
node0_1229,node0,node2,100,306722,306742,20
node0_1230,node0,node3,100,306722,306742,20
node0_1231,node0,node4,100,306722,306742,20
node0_1232,node0,node1,100,309548,309567,19
node0_1233,node0,node2,100,309548,309567,19
node0_1234,node0,node3,100,309548,309567,19
node0_1235,node0,node4,100,309548,309567,19
node0_1236,node0,node1,100,310043,310062,19
node0_1237,node0,node2,100,310043,310062,19
node0_1238,node0,node3,100,310043,310062,19
node0_1239,node0,node4,100,310043,310062,19
node0_1240,node0,node1,100,310409,310428,19
node0_1241,node0,node2,100,310409,310428,19
node0_1242,node0,node3,100,310409,310428,19
node0_1243,node0,node4,100,310409,310428,19
node0_1244,node0,node1,100,310805,310824,19
node0_1245,node0,node2,100,310805,310824,19
node0_1246,node0,node3,100,310805,310824,19
node0_1247,node0,node4,100,310805,310824,19
node0_1248,node0,node1,100,311186,311204,18
node0_1249,node0,node2,100,311186,311204,18
node0_1250,node0,node3,100,311186,311204,18
node0_1251,node0,node4,100,311186,311204,18
node0_1252,node0,node1,100,313064,313082,18
node0_1253,node0,node2,100,313064,313082,18
node0_1254,node0,node3,100,313064,313082,18
node0_1255,node0,node4,100,313064,313082,18
node0_1256,node0,node1,100,315304,315323,19
node0_1257,node0,node2,100,315304,315323,19
node0_1258,node0,node3,100,315304,315323,19
node0_1259,node0,node4,100,315304,315323,19
node0_1260,node0,node1,100,315665,315684,19
node0_1261,node0,node2,100,315665,315684,19
node0_1262,node0,node3,100,315665,315684,19
node0_1263,node0,node4,100,315665,315684,19
node0_1264,node0,node1,100,316072,316091,19
node0_1265,node0,node2,100,316072,316091,19
node0_1266,node0,node3,100,316072,316091,19
node0_1267,node0,node4,100,316072,316091,19
node0_1268,node0,node1,100,316857,316876,19
node0_1269,node0,node2,100,316857,316876,19
node0_1270,node0,node3,100,316857,316876,19
node0_1271,node0,node4,100,316857,316876,19
node0_1272,node0,node1,100,317723,317742,19
node0_1273,node0,node2,100,317723,317742,19
node0_1274,node0,node3,100,317723,317742,19
node0_1275,node0,node4,100,317723,317742,19
node0_1276,node0,node1,100,318629,318648,19
node0_1277,node0,node2,100,318629,318648,19
node0_1278,node0,node3,100,318629,318648,19
node0_1279,node0,node4,100,318629,318648,19
node0_1280,node0,node1,100,318910,318930,20
node0_1281,node0,node2,100,318910,318930,20
node0_1282,node0,node3,100,318910,318930,20
node0_1283,node0,node4,100,318910,318930,20
node0_1284,node0,node1,100,318931,318950,19
node0_1285,node0,node2,100,318931,318950,19
node0_1286,node0,node3,100,318931,318950,19
node0_1287,node0,node4,100,318931,318950,19
node0_1288,node0,node1,100,319210,319229,19
node0_1289,node0,node2,100,319210,319229,19
node0_1290,node0,node3,100,319210,319229,19
node0_1291,node0,node4,100,319210,319229,19
node0_1292,node0,node1,100,319285,319303,18
node0_1293,node0,node2,100,319285,319303,18
node0_1294,node0,node3,100,319285,319303,18
node0_1295,node0,node4,100,319285,319303,18
node0_1296,node0,node1,100,320086,320105,19
node0_1297,node0,node2,100,320086,320105,19
node0_1298,node0,node3,100,320086,320105,19
node0_1299,node0,node4,100,320086,320105,19
node0_1300,node0,node1,100,320160,320179,19
node0_1301,node0,node2,100,320160,320179,19
node0_1302,node0,node3,100,320160,320179,19
node0_1303,node0,node4,100,320160,320179,19
node0_1304,node0,node1,100,320238,320257,19
node0_1305,node0,node2,100,320238,320257,19
node0_1306,node0,node3,100,320238,320257,19
node0_1307,node0,node4,100,320238,320257,19
node0_1308,node0,node1,100,321247,321267,20
node0_1309,node0,node2,100,321247,321267,20
node0_1310,node0,node3,100,321247,321267,20
node0_1311,node0,node4,100,321247,321267,20
node0_1312,node0,node1,100,321590,321608,18
node0_1313,node0,node2,100,321590,321608,18
node0_1314,node0,node3,100,321590,321608,18
node0_1315,node0,node4,100,321590,321608,18
node0_1316,node0,node1,100,323162,323181,19
node0_1317,node0,node2,100,323162,323181,19
node0_1318,node0,node3,100,323162,323181,19
node0_1319,node0,node4,100,323162,323181,19
node0_1320,node0,node1,100,323841,323860,19
node0_1321,node0,node2,100,323841,323860,19
node0_1322,node0,node3,100,323841,323860,19
node0_1323,node0,node4,100,323841,323860,19
node0_1324,node0,node1,100,325827,325846,19
node0_1325,node0,node2,100,325827,325846,19
node0_1326,node0,node3,100,325827,325846,19
node0_1327,node0,node4,100,325827,325846,19
node0_1328,node0,node1,100,325994,326013,19
node0_1329,node0,node2,100,325994,326013,19
node0_1330,node0,node3,100,325994,326013,19
node0_1331,node0,node4,100,325994,326013,19
node0_1332,node0,node1,100,326690,326710,20
node0_1333,node0,node2,100,326690,326710,20
node0_1334,node0,node3,100,326690,326710,20
node0_1335,node0,node4,100,326690,326710,20
node0_1336,node0,node1,100,328275,328294,19
node0_1337,node0,node2,100,328275,328294,19
node0_1338,node0,node3,100,328275,328294,19
node0_1339,node0,node4,100,328275,328294,19
node0_1340,node0,node1,100,328355,328374,19
node0_1341,node0,node2,100,328355,328374,19
node0_1342,node0,node3,100,328355,328374,19
node0_1343,node0,node4,100,328355,328374,19
node0_1344,node0,node1,100,331335,331354,19
node0_1345,node0,node2,100,331335,331354,19
node0_1346,node0,node3,100,331335,331354,19
node0_1347,node0,node4,100,331335,331354,19
node0_1348,node0,node1,100,331526,331545,19
node0_1349,node0,node2,100,331526,331545,19
node0_1350,node0,node3,100,331526,331545,19
node0_1351,node0,node4,100,331526,331545,19
node0_1352,node0,node1,100,333023,333042,19
node0_1353,node0,node2,100,333023,333042,19
node0_1354,node0,node3,100,333023,333042,19
node0_1355,node0,node4,100,333023,333042,19
node0_1356,node0,node1,100,337215,337233,18
node0_1357,node0,node2,100,337215,337233,18
node0_1358,node0,node3,100,337215,337233,18
node0_1359,node0,node4,100,337215,337233,18
node0_1360,node0,node1,100,338939,338959,20
node0_1361,node0,node2,100,338939,338959,20
node0_1362,node0,node3,100,338939,338959,20
node0_1363,node0,node4,100,338939,338959,20
node0_1364,node0,node1,100,339324,339342,18
node0_1365,node0,node2,100,339324,339342,18
node0_1366,node0,node3,100,339324,339342,18
node0_1367,node0,node4,100,339324,339342,18
node0_1368,node0,node1,100,339437,339455,18
node0_1369,node0,node2,100,339437,339455,18
node0_1370,node0,node3,100,339437,339455,18
node0_1371,node0,node4,100,339437,339455,18
node0_1372,node0,node1,100,340159,340178,19
node0_1373,node0,node2,100,340159,340178,19
node0_1374,node0,node3,100,340159,340178,19
node0_1375,node0,node4,100,340159,340178,19
node0_1376,node0,node1,100,342677,342695,18
node0_1377,node0,node2,100,342677,342695,18
node0_1378,node0,node3,100,342677,342695,18
node0_1379,node0,node4,100,342677,342695,18
node0_1380,node0,node1,100,343025,343044,19
node0_1381,node0,node2,100,343025,343044,19
node0_1382,node0,node3,100,343025,343044,19
node0_1383,node0,node4,100,343025,343044,19
node0_1384,node0,node1,100,345267,345287,20
node0_1385,node0,node2,100,345267,345287,20
node0_1386,node0,node3,100,345267,345287,20
node0_1387,node0,node4,100,345267,345287,20
node0_1388,node0,node1,100,345419,345437,18
node0_1389,node0,node2,100,345419,345437,18
node0_1390,node0,node3,100,345419,345437,18
node0_1391,node0,node4,100,345419,345437,18
node0_1392,node0,node1,100,347833,347852,19
node0_1393,node0,node2,100,347833,347852,19
node0_1394,node0,node3,100,347833,347852,19
node0_1395,node0,node4,100,347833,347852,19
node0_1396,node0,node1,100,347865,347884,19
node0_1397,node0,node2,100,347865,347884,19
node0_1398,node0,node3,100,347865,347884,19
node0_1399,node0,node4,100,347865,347884,19
node0_1400,node0,node1,100,348245,348264,19
node0_1401,node0,node2,100,348245,348264,19
node0_1402,node0,node3,100,348245,348264,19
node0_1403,node0,node4,100,348245,348264,19
node0_1404,node0,node1,100,350579,350598,19
node0_1405,node0,node2,100,350579,350598,19
node0_1406,node0,node3,100,350579,350598,19
node0_1407,node0,node4,100,350579,350598,19
node0_1408,node0,node1,100,352208,352227,19
node0_1409,node0,node2,100,352208,352227,19
node0_1410,node0,node3,100,352208,352227,19
node0_1411,node0,node4,100,352208,352227,19
node0_1412,node0,node1,100,354585,354605,20
node0_1413,node0,node2,100,354585,354605,20
node0_1414,node0,node3,100,354585,354605,20
node0_1415,node0,node4,100,354585,354605,20
node0_1416,node0,node1,100,356422,356441,19
node0_1417,node0,node2,100,356422,356441,19
node0_1418,node0,node3,100,356422,356441,19
node0_1419,node0,node4,100,356422,356441,19
node0_1420,node0,node1,100,357793,357812,19
node0_1421,node0,node2,100,357793,357812,19
node0_1422,node0,node3,100,357793,357812,19
node0_1423,node0,node4,100,357793,357812,19
node0_1424,node0,node1,100,358963,358983,20
node0_1425,node0,node2,100,358963,358983,20
node0_1426,node0,node3,100,358963,358983,20
node0_1427,node0,node4,100,358963,358983,20
node0_1428,node0,node1,100,359159,359178,19
node0_1429,node0,node2,100,359159,359178,19
node0_1430,node0,node3,100,359159,359178,19
node0_1431,node0,node4,100,359159,359178,19
node0_1432,node0,node1,100,359726,359745,19
node0_1433,node0,node2,100,359726,359745,19
node0_1434,node0,node3,100,359726,359745,19
node0_1435,node0,node4,100,359726,359745,19
node0_1436,node0,node1,100,359898,359918,20
node0_1437,node0,node2,100,359898,359918,20
node0_1438,node0,node3,100,359898,359918,20
node0_1439,node0,node4,100,359898,359918,20
node0_1440,node0,node1,100,361152,361170,18
node0_1441,node0,node2,100,361152,361170,18
node0_1442,node0,node3,100,361152,361170,18
node0_1443,node0,node4,100,361152,361170,18
node0_1444,node0,node1,100,362254,362272,18
node0_1445,node0,node2,100,362254,362272,18
node0_1446,node0,node3,100,362254,362272,18
node0_1447,node0,node4,100,362254,362272,18
node0_1448,node0,node1,100,362545,362564,19
node0_1449,node0,node2,100,362545,362564,19
node0_1450,node0,node3,100,362545,362564,19
node0_1451,node0,node4,100,362545,362564,19
node0_1452,node0,node1,100,362612,362631,19
node0_1453,node0,node2,100,362612,362631,19
node0_1454,node0,node3,100,362612,362631,19
node0_1455,node0,node4,100,362612,362631,19
node0_1456,node0,node1,100,365919,365937,18
node0_1457,node0,node2,100,365919,365937,18
node0_1458,node0,node3,100,365919,365937,18
node0_1459,node0,node4,100,365919,365937,18
node0_1460,node0,node1,100,367571,367590,19
node0_1461,node0,node2,100,367571,367590,19
node0_1462,node0,node3,100,367571,367590,19
node0_1463,node0,node4,100,367571,367590,19
node0_1464,node0,node1,100,368368,368388,20
node0_1465,node0,node2,100,368368,368388,20
node0_1466,node0,node3,100,368368,368388,20
node0_1467,node0,node4,100,368368,368388,20
node0_1468,node0,node1,100,369147,369165,18
node0_1469,node0,node2,100,369147,369165,18
node0_1470,node0,node3,100,369147,369165,18
node0_1471,node0,node4,100,369147,369165,18
node0_1472,node0,node1,100,371053,371072,19
node0_1473,node0,node2,100,371053,371072,19
node0_1474,node0,node3,100,371053,371072,19
node0_1475,node0,node4,100,371053,371072,19
node0_1476,node0,node1,100,371657,371677,20
node0_1477,node0,node2,100,371657,371677,20
node0_1478,node0,node3,100,371657,371677,20
node0_1479,node0,node4,100,371657,371677,20
node0_1480,node0,node1,100,372160,372178,18
node0_1481,node0,node2,100,372160,372178,18
node0_1482,node0,node3,100,372160,372178,18
node0_1483,node0,node4,100,372160,372178,18
node0_1484,node0,node1,100,372574,372593,19
node0_1485,node0,node2,100,372574,372593,19
node0_1486,node0,node3,100,372574,372593,19
node0_1487,node0,node4,100,372574,372593,19
node0_1488,node0,node1,100,372872,372891,19
node0_1489,node0,node2,100,372872,372891,19
node0_1490,node0,node3,100,372872,372891,19
node0_1491,node0,node4,100,372872,372891,19
node0_1492,node0,node1,100,372897,372915,18
node0_1493,node0,node2,100,372897,372915,18
node0_1494,node0,node3,100,372897,372915,18
node0_1495,node0,node4,100,372897,372915,18
node0_1496,node0,node1,100,373937,373956,19
node0_1497,node0,node2,100,373937,373956,19
node0_1498,node0,node3,100,373937,373956,19
node0_1499,node0,node4,100,373937,373956,19
node0_1500,node0,node1,100,374476,374496,20
node0_1501,node0,node2,100,374476,374496,20
node0_1502,node0,node3,100,374476,374496,20
node0_1503,node0,node4,100,374476,374496,20
node0_1504,node0,node1,100,375321,375339,18
node0_1505,node0,node2,100,375321,375339,18
node0_1506,node0,node3,100,375321,375339,18
node0_1507,node0,node4,100,375321,375339,18
node0_1508,node0,node1,100,375386,375405,19
node0_1509,node0,node2,100,375386,375405,19
node0_1510,node0,node3,100,375386,375405,19
node0_1511,node0,node4,100,375386,375405,19
node0_1512,node0,node1,100,375824,375844,20
node0_1513,node0,node2,100,375824,375844,20
node0_1514,node0,node3,100,375824,375844,20
node0_1515,node0,node4,100,375824,375844,20
node0_1516,node0,node1,100,375973,375992,19
node0_1517,node0,node2,100,375973,375992,19
node0_1518,node0,node3,100,375973,375992,19
node0_1519,node0,node4,100,375973,375992,19
node0_1520,node0,node1,100,376106,376124,18
node0_1521,node0,node2,100,376106,376124,18
node0_1522,node0,node3,100,376106,376124,18
node0_1523,node0,node4,100,376106,376124,18
node0_1524,node0,node1,100,376406,376424,18
node0_1525,node0,node2,100,376406,376424,18
node0_1526,node0,node3,100,376406,376424,18
node0_1527,node0,node4,100,376406,376424,18
node0_1528,node0,node1,100,378172,378191,19
node0_1529,node0,node2,100,378172,378191,19
node0_1530,node0,node3,100,378172,378191,19
node0_1531,node0,node4,100,378172,378191,19
node0_1532,node0,node1,100,378679,378697,18
node0_1533,node0,node2,100,378679,378697,18
node0_1534,node0,node3,100,378679,378697,18
node0_1535,node0,node4,100,378679,378697,18
node0_1536,node0,node1,100,379192,379211,19
node0_1537,node0,node2,100,379192,379211,19
node0_1538,node0,node3,100,379192,379211,19
node0_1539,node0,node4,100,379192,379211,19
node0_1540,node0,node1,100,380140,380160,20
node0_1541,node0,node2,100,380140,380160,20
node0_1542,node0,node3,100,380140,380160,20
node0_1543,node0,node4,100,380140,380160,20
node0_1544,node0,node1,100,380406,380425,19
node0_1545,node0,node2,100,380406,380425,19
node0_1546,node0,node3,100,380406,380425,19
node0_1547,node0,node4,100,380406,380425,19
node0_1548,node0,node1,100,380425,380444,19
node0_1549,node0,node2,100,380425,380444,19
node0_1550,node0,node3,100,380425,380444,19
node0_1551,node0,node4,100,380425,380444,19
node0_1552,node0,node1,100,381165,381184,19
node0_1553,node0,node2,100,381165,381184,19
node0_1554,node0,node3,100,381165,381184,19
node0_1555,node0,node4,100,381165,381184,19
node0_1556,node0,node1,100,381860,381878,18
node0_1557,node0,node2,100,381860,381878,18
node0_1558,node0,node3,100,381860,381878,18
node0_1559,node0,node4,100,381860,381878,18
node0_1560,node0,node1,100,382907,382926,19
node0_1561,node0,node2,100,382907,382926,19
node0_1562,node0,node3,100,382907,382926,19
node0_1563,node0,node4,100,382907,382926,19
node0_1564,node0,node1,100,383484,383504,20
node0_1565,node0,node2,100,383484,383504,20
node0_1566,node0,node3,100,383484,383504,20
node0_1567,node0,node4,100,383484,383504,20
node0_1568,node0,node1,100,384644,384663,19
node0_1569,node0,node2,100,384644,384663,19
node0_1570,node0,node3,100,384644,384663,19
node0_1571,node0,node4,100,384644,384663,19
node0_1572,node0,node1,100,385958,385976,18
node0_1573,node0,node2,100,385958,385976,18
node0_1574,node0,node3,100,385958,385976,18
node0_1575,node0,node4,100,385958,385976,18
node0_1576,node0,node1,100,386231,386250,19
node0_1577,node0,node2,100,386231,386250,19
node0_1578,node0,node3,100,386231,386250,19
node0_1579,node0,node4,100,386231,386250,19
node0_1580,node0,node1,100,386914,386933,19
node0_1581,node0,node2,100,386914,386933,19
node0_1582,node0,node3,100,386914,386933,19
node0_1583,node0,node4,100,386914,386933,19
node0_1584,node0,node1,100,387566,387585,19
node0_1585,node0,node2,100,387566,387585,19
node0_1586,node0,node3,100,387566,387585,19
node0_1587,node0,node4,100,387566,387585,19
node0_1588,node0,node1,100,387821,387840,19
node0_1589,node0,node2,100,387821,387840,19
node0_1590,node0,node3,100,387821,387840,19
node0_1591,node0,node4,100,387821,387840,19
node0_1592,node0,node1,100,388352,388371,19
node0_1593,node0,node2,100,388352,388371,19
node0_1594,node0,node3,100,388352,388371,19
node0_1595,node0,node4,100,388352,388371,19
node0_1596,node0,node1,100,389174,389192,18
node0_1597,node0,node2,100,389174,389192,18
node0_1598,node0,node3,100,389174,389192,18
node0_1599,node0,node4,100,389174,389192,18
node0_1600,node0,node1,100,391549,391568,19
node0_1601,node0,node2,100,391549,391568,19
node0_1602,node0,node3,100,391549,391568,19
node0_1603,node0,node4,100,391549,391568,19
node0_1604,node0,node1,100,394046,394066,20
node0_1605,node0,node2,100,394046,394066,20
node0_1606,node0,node3,100,394046,394066,20
node0_1607,node0,node4,100,394046,394066,20
node0_1608,node0,node1,100,394368,394387,19
node0_1609,node0,node2,100,394368,394387,19
node0_1610,node0,node3,100,394368,394387,19
node0_1611,node0,node4,100,394368,394387,19
node0_1612,node0,node1,100,395408,395427,19
node0_1613,node0,node2,100,395408,395427,19
node0_1614,node0,node3,100,395408,395427,19
node0_1615,node0,node4,100,395408,395427,19
node0_1616,node0,node1,100,395457,395477,20
node0_1617,node0,node2,100,395457,395477,20
node0_1618,node0,node3,100,395457,395477,20
node0_1619,node0,node4,100,395457,395477,20
node0_1620,node0,node1,100,395531,395549,18
node0_1621,node0,node2,100,395531,395549,18
node0_1622,node0,node3,100,395531,395549,18
node0_1623,node0,node4,100,395531,395549,18
node0_1624,node0,node1,100,396248,396267,19
node0_1625,node0,node2,100,396248,396267,19
node0_1626,node0,node3,100,396248,396267,19
node0_1627,node0,node4,100,396248,396267,19
node0_1628,node0,node1,100,398347,398366,19
node0_1629,node0,node2,100,398347,398366,19
node0_1630,node0,node3,100,398347,398366,19
node0_1631,node0,node4,100,398347,398366,19
node0_1632,node0,node1,100,398521,398541,20
node0_1633,node0,node2,100,398521,398541,20
node0_1634,node0,node3,100,398521,398541,20
node0_1635,node0,node4,100,398521,398541,20
node0_1636,node0,node1,100,399973,399991,18
node0_1637,node0,node2,100,399973,399991,18
node0_1638,node0,node3,100,399973,399991,18
node0_1639,node0,node4,100,399973,399991,18
node0_1640,node0,node1,100,402119,402138,19
node0_1641,node0,node2,100,402119,402138,19
node0_1642,node0,node3,100,402119,402138,19
node0_1643,node0,node4,100,402119,402138,19
node0_1644,node0,node1,100,402493,402513,20
node0_1645,node0,node2,100,402493,402513,20
node0_1646,node0,node3,100,402493,402513,20
node0_1647,node0,node4,100,402493,402513,20
node0_1648,node0,node1,100,403672,403690,18
node0_1649,node0,node2,100,403672,403690,18
node0_1650,node0,node3,100,403672,403690,18
node0_1651,node0,node4,100,403672,403690,18
node0_1652,node0,node1,100,405562,405580,18
node0_1653,node0,node2,100,405562,405580,18
node0_1654,node0,node3,100,405562,405580,18
node0_1655,node0,node4,100,405562,405580,18
node0_1656,node0,node1,100,406027,406046,19
node0_1657,node0,node2,100,406027,406046,19
node0_1658,node0,node3,100,406027,406046,19
node0_1659,node0,node4,100,406027,406046,19
node0_1660,node0,node1,100,407235,407253,18
node0_1661,node0,node2,100,407235,407253,18
node0_1662,node0,node3,100,407235,407253,18
node0_1663,node0,node4,100,407235,407253,18
node0_1664,node0,node1,100,408569,408588,19
node0_1665,node0,node2,100,408569,408588,19
node0_1666,node0,node3,100,408569,408588,19
node0_1667,node0,node4,100,408569,408588,19
node0_1668,node0,node1,100,409472,409492,20
node0_1669,node0,node2,100,409472,409492,20
node0_1670,node0,node3,100,409472,409492,20
node0_1671,node0,node4,100,409472,409492,20
node0_1672,node0,node1,100,411411,411429,18
node0_1673,node0,node2,100,411411,411429,18
node0_1674,node0,node3,100,411411,411429,18
node0_1675,node0,node4,100,411411,411429,18
node0_1676,node0,node1,100,413681,413700,19
node0_1677,node0,node2,100,413681,413700,19
node0_1678,node0,node3,100,413681,413700,19
node0_1679,node0,node4,100,413681,413700,19
node0_1680,node0,node1,100,416901,416920,19
node0_1681,node0,node2,100,416901,416920,19
node0_1682,node0,node3,100,416901,416920,19
node0_1683,node0,node4,100,416901,416920,19
node0_1684,node0,node1,100,417748,417766,18
node0_1685,node0,node2,100,417748,417766,18
node0_1686,node0,node3,100,417748,417766,18
node0_1687,node0,node4,100,417748,417766,18
node0_1688,node0,node1,100,417942,417960,18
node0_1689,node0,node2,100,417942,417960,18
node0_1690,node0,node3,100,417942,417960,18
node0_1691,node0,node4,100,417942,417960,18
node0_1692,node0,node1,100,418231,418250,19
node0_1693,node0,node2,100,418231,418250,19
node0_1694,node0,node3,100,418231,418250,19
node0_1695,node0,node4,100,418231,418250,19
node0_1696,node0,node1,100,418476,418495,19
node0_1697,node0,node2,100,418476,418495,19
node0_1698,node0,node3,100,418476,418495,19
node0_1699,node0,node4,100,418476,418495,19
node0_1700,node0,node1,100,419319,419338,19
node0_1701,node0,node2,100,419319,419338,19
node0_1702,node0,node3,100,419319,419338,19
node0_1703,node0,node4,100,419319,419338,19
node0_1704,node0,node1,100,420737,420756,19
node0_1705,node0,node2,100,420737,420756,19
node0_1706,node0,node3,100,420737,420756,19
node0_1707,node0,node4,100,420737,420756,19
node0_1708,node0,node1,100,420790,420809,19
node0_1709,node0,node2,100,420790,420809,19
node0_1710,node0,node3,100,420790,420809,19
node0_1711,node0,node4,100,420790,420809,19
node0_1712,node0,node1,100,421935,421954,19
node0_1713,node0,node2,100,421935,421954,19
node0_1714,node0,node3,100,421935,421954,19
node0_1715,node0,node4,100,421935,421954,19
node0_1716,node0,node1,100,423198,423217,19
node0_1717,node0,node2,100,423198,423217,19
node0_1718,node0,node3,100,423198,423217,19
node0_1719,node0,node4,100,423198,423217,19
node0_1720,node0,node1,100,423625,423644,19
node0_1721,node0,node2,100,423625,423644,19
node0_1722,node0,node3,100,423625,423644,19
node0_1723,node0,node4,100,423625,423644,19
node0_1724,node0,node1,100,424349,424367,18
node0_1725,node0,node2,100,424349,424367,18
node0_1726,node0,node3,100,424349,424367,18
node0_1727,node0,node4,100,424349,424367,18
node0_1728,node0,node1,100,424529,424547,18
node0_1729,node0,node2,100,424529,424547,18
node0_1730,node0,node3,100,424529,424547,18
node0_1731,node0,node4,100,424529,424547,18
node0_1732,node0,node1,100,425838,425857,19
node0_1733,node0,node2,100,425838,425857,19
node0_1734,node0,node3,100,425838,425857,19
node0_1735,node0,node4,100,425838,425857,19
node0_1736,node0,node1,100,425880,425899,19
node0_1737,node0,node2,100,425880,425899,19
node0_1738,node0,node3,100,425880,425899,19
node0_1739,node0,node4,100,425880,425899,19
node0_1740,node0,node1,100,429855,429874,19
node0_1741,node0,node2,100,429855,429874,19
node0_1742,node0,node3,100,429855,429874,19
node0_1743,node0,node4,100,429855,429874,19
node0_1744,node0,node1,100,431505,431524,19
node0_1745,node0,node2,100,431505,431524,19
node0_1746,node0,node3,100,431505,431524,19
node0_1747,node0,node4,100,431505,431524,19
node0_1748,node0,node1,100,432495,432515,20
node0_1749,node0,node2,100,432495,432515,20
node0_1750,node0,node3,100,432495,432515,20
node0_1751,node0,node4,100,432495,432515,20
node0_1752,node0,node1,100,432806,432824,18
node0_1753,node0,node2,100,432806,432824,18
node0_1754,node0,node3,100,432806,432824,18
node0_1755,node0,node4,100,432806,432824,18
node0_1756,node0,node1,100,435246,435264,18
node0_1757,node0,node2,100,435246,435264,18
node0_1758,node0,node3,100,435246,435264,18
node0_1759,node0,node4,100,435246,435264,18
node0_1760,node0,node1,100,438451,438470,19
node0_1761,node0,node2,100,438451,438470,19
node0_1762,node0,node3,100,438451,438470,19
node0_1763,node0,node4,100,438451,438470,19
node0_1764,node0,node1,100,438601,438619,18
node0_1765,node0,node2,100,438601,438619,18
node0_1766,node0,node3,100,438601,438619,18
node0_1767,node0,node4,100,438601,438619,18
node0_1768,node0,node1,100,440096,440114,18
node0_1769,node0,node2,100,440096,440114,18
node0_1770,node0,node3,100,440096,440114,18
node0_1771,node0,node4,100,440096,440114,18
node0_1772,node0,node1,100,441941,441961,20
node0_1773,node0,node2,100,441941,441961,20
node0_1774,node0,node3,100,441941,441961,20
node0_1775,node0,node4,100,441941,441961,20
node0_1776,node0,node1,100,443019,443038,19
node0_1777,node0,node2,100,443019,443038,19
node0_1778,node0,node3,100,443019,443038,19
node0_1779,node0,node4,100,443019,443038,19
node0_1780,node0,node1,100,444224,444242,18
node0_1781,node0,node2,100,444224,444242,18
node0_1782,node0,node3,100,444224,444242,18
node0_1783,node0,node4,100,444224,444242,18
node0_1784,node0,node1,100,444813,444832,19
node0_1785,node0,node2,100,444813,444832,19
node0_1786,node0,node3,100,444813,444832,19
node0_1787,node0,node4,100,444813,444832,19
node0_1788,node0,node1,100,447394,447412,18
node0_1789,node0,node2,100,447394,447412,18
node0_1790,node0,node3,100,447394,447412,18
node0_1791,node0,node4,100,447394,447412,18
node0_1792,node0,node1,100,450942,450961,19
node0_1793,node0,node2,100,450942,450961,19
node0_1794,node0,node3,100,450942,450961,19
node0_1795,node0,node4,100,450942,450961,19
node0_1796,node0,node1,100,451424,451443,19
node0_1797,node0,node2,100,451424,451443,19
node0_1798,node0,node3,100,451424,451443,19
node0_1799,node0,node4,100,451424,451443,19
node0_1800,node0,node1,100,453047,453067,20
node0_1801,node0,node2,100,453047,453067,20
node0_1802,node0,node3,100,453047,453067,20
node0_1803,node0,node4,100,453047,453067,20
node0_1804,node0,node1,100,453614,453633,19
node0_1805,node0,node2,100,453614,453633,19
node0_1806,node0,node3,100,453614,453633,19
node0_1807,node0,node4,100,453614,453633,19
node0_1808,node0,node1,100,453794,453813,19
node0_1809,node0,node2,100,453794,453813,19
node0_1810,node0,node3,100,453794,453813,19
node0_1811,node0,node4,100,453794,453813,19
node0_1812,node0,node1,100,454188,454208,20
node0_1813,node0,node2,100,454188,454208,20
node0_1814,node0,node3,100,454188,454208,20
node0_1815,node0,node4,100,454188,454208,20
node0_1816,node0,node1,100,454323,454342,19
node0_1817,node0,node2,100,454323,454342,19
node0_1818,node0,node3,100,454323,454342,19
node0_1819,node0,node4,100,454323,454342,19
node0_1820,node0,node1,100,456718,456736,18
node0_1821,node0,node2,100,456718,456736,18
node0_1822,node0,node3,100,456718,456736,18
node0_1823,node0,node4,100,456718,456736,18
node0_1824,node0,node1,100,459923,459943,20
node0_1825,node0,node2,100,459923,459943,20
node0_1826,node0,node3,100,459923,459943,20
node0_1827,node0,node4,100,459923,459943,20
node0_1828,node0,node1,100,460050,460069,19
node0_1829,node0,node2,100,460050,460069,19
node0_1830,node0,node3,100,460050,460069,19
node0_1831,node0,node4,100,460050,460069,19
node0_1832,node0,node1,100,460968,460987,19
node0_1833,node0,node2,100,460968,460987,19
node0_1834,node0,node3,100,460968,460987,19
node0_1835,node0,node4,100,460968,460987,19
node0_1836,node0,node1,100,461493,461513,20
node0_1837,node0,node2,100,461493,461513,20
node0_1838,node0,node3,100,461493,461513,20
node0_1839,node0,node4,100,461493,461513,20
node0_1840,node0,node1,100,461618,461636,18
node0_1841,node0,node2,100,461618,461636,18
node0_1842,node0,node3,100,461618,461636,18
node0_1843,node0,node4,100,461618,461636,18
node0_1844,node0,node1,100,461968,461986,18
node0_1845,node0,node2,100,461968,461986,18
node0_1846,node0,node3,100,461968,461986,18
node0_1847,node0,node4,100,461968,461986,18
node0_1848,node0,node1,100,462254,462274,20
node0_1849,node0,node2,100,462254,462274,20
node0_1850,node0,node3,100,462254,462274,20
node0_1851,node0,node4,100,462254,462274,20
node0_1852,node0,node1,100,463638,463656,18
node0_1853,node0,node2,100,463638,463656,18
node0_1854,node0,node3,100,463638,463656,18
node0_1855,node0,node4,100,463638,463656,18
node0_1856,node0,node1,100,463656,463675,19
node0_1857,node0,node2,100,463656,463675,19
node0_1858,node0,node3,100,463656,463675,19
node0_1859,node0,node4,100,463656,463675,19
node0_1860,node0,node1,100,463853,463872,19
node0_1861,node0,node2,100,463853,463872,19
node0_1862,node0,node3,100,463853,463872,19
node0_1863,node0,node4,100,463853,463872,19
node0_1864,node0,node1,100,464430,464449,19
node0_1865,node0,node2,100,464430,464449,19
node0_1866,node0,node3,100,464430,464449,19
node0_1867,node0,node4,100,464430,464449,19
node0_1868,node0,node1,100,464452,464471,19
node0_1869,node0,node2,100,464452,464471,19
node0_1870,node0,node3,100,464452,464471,19
node0_1871,node0,node4,100,464452,464471,19
node0_1872,node0,node1,100,465439,465457,18
node0_1873,node0,node2,100,465439,465457,18
node0_1874,node0,node3,100,465439,465457,18
node0_1875,node0,node4,100,465439,465457,18
node0_1876,node0,node1,100,466370,466390,20
node0_1877,node0,node2,100,466370,466390,20
node0_1878,node0,node3,100,466370,466390,20
node0_1879,node0,node4,100,466370,466390,20
node0_1880,node0,node1,100,468174,468193,19
node0_1881,node0,node2,100,468174,468193,19
node0_1882,node0,node3,100,468174,468193,19
node0_1883,node0,node4,100,468174,468193,19
node0_1884,node0,node1,100,468405,468423,18
node0_1885,node0,node2,100,468405,468423,18
node0_1886,node0,node3,100,468405,468423,18
node0_1887,node0,node4,100,468405,468423,18
node0_1888,node0,node1,100,468740,468759,19
node0_1889,node0,node2,100,468740,468759,19
node0_1890,node0,node3,100,468740,468759,19
node0_1891,node0,node4,100,468740,468759,19
node0_1892,node0,node1,100,469522,469541,19
node0_1893,node0,node2,100,469522,469541,19
node0_1894,node0,node3,100,469522,469541,19
node0_1895,node0,node4,100,469522,469541,19
node0_1896,node0,node1,100,469841,469860,19
node0_1897,node0,node2,100,469841,469860,19
node0_1898,node0,node3,100,469841,469860,19
node0_1899,node0,node4,100,469841,469860,19
node0_1900,node0,node1,100,470722,470741,19
node0_1901,node0,node2,100,470722,470741,19
node0_1902,node0,node3,100,470722,470741,19
node0_1903,node0,node4,100,470722,470741,19
node0_1904,node0,node1,100,471011,471029,18
node0_1905,node0,node2,100,471011,471029,18
node0_1906,node0,node3,100,471011,471029,18
node0_1907,node0,node4,100,471011,471029,18
node0_1908,node0,node1,100,472162,472181,19
node0_1909,node0,node2,100,472162,472181,19
node0_1910,node0,node3,100,472162,472181,19
node0_1911,node0,node4,100,472162,472181,19
node0_1912,node0,node1,100,473727,473745,18
node0_1913,node0,node2,100,473727,473745,18
node0_1914,node0,node3,100,473727,473745,18
node0_1915,node0,node4,100,473727,473745,18
node0_1916,node0,node1,100,475381,475400,19
node0_1917,node0,node2,100,475381,475400,19
node0_1918,node0,node3,100,475381,475400,19
node0_1919,node0,node4,100,475381,475400,19
node0_1920,node0,node1,100,479016,479034,18
node0_1921,node0,node2,100,479016,479034,18
node0_1922,node0,node3,100,479016,479034,18
node0_1923,node0,node4,100,479016,479034,18
node0_1924,node0,node1,100,479804,479822,18
node0_1925,node0,node2,100,479804,479822,18
node0_1926,node0,node3,100,479804,479822,18
node0_1927,node0,node4,100,479804,479822,18
node0_1928,node0,node1,100,480479,480498,19
node0_1929,node0,node2,100,480479,480498,19
node0_1930,node0,node3,100,480479,480498,19
node0_1931,node0,node4,100,480479,480498,19
node0_1932,node0,node1,100,482415,482433,18
node0_1933,node0,node2,100,482415,482433,18
node0_1934,node0,node3,100,482415,482433,18
node0_1935,node0,node4,100,482415,482433,18
node0_1936,node0,node1,100,483881,483900,19
node0_1937,node0,node2,100,483881,483900,19
node0_1938,node0,node3,100,483881,483900,19
node0_1939,node0,node4,100,483881,483900,19
node0_1940,node0,node1,100,484726,484745,19
node0_1941,node0,node2,100,484726,484745,19
node0_1942,node0,node3,100,484726,484745,19
node0_1943,node0,node4,100,484726,484745,19
node0_1944,node0,node1,100,485209,485227,18
node0_1945,node0,node2,100,485209,485227,18
node0_1946,node0,node3,100,485209,485227,18
node0_1947,node0,node4,100,485209,485227,18
node0_1948,node0,node1,100,485544,485563,19
node0_1949,node0,node2,100,485544,485563,19
node0_1950,node0,node3,100,485544,485563,19
node0_1951,node0,node4,100,485544,485563,19
node0_1952,node0,node1,100,485658,485678,20
node0_1953,node0,node2,100,485658,485678,20
node0_1954,node0,node3,100,485658,485678,20
node0_1955,node0,node4,100,485658,485678,20
node0_1956,node0,node1,100,487306,487325,19
node0_1957,node0,node2,100,487306,487325,19
node0_1958,node0,node3,100,487306,487325,19
node0_1959,node0,node4,100,487306,487325,19
node0_1960,node0,node1,100,487432,487451,19
node0_1961,node0,node2,100,487432,487451,19
node0_1962,node0,node3,100,487432,487451,19
node0_1963,node0,node4,100,487432,487451,19
node0_1964,node0,node1,100,488807,488826,19
node0_1965,node0,node2,100,488807,488826,19
node0_1966,node0,node3,100,488807,488826,19
node0_1967,node0,node4,100,488807,488826,19
node0_1968,node0,node1,100,489595,489614,19
node0_1969,node0,node2,100,489595,489614,19
node0_1970,node0,node3,100,489595,489614,19
node0_1971,node0,node4,100,489595,489614,19
node0_1972,node0,node1,100,492946,492965,19
node0_1973,node0,node2,100,492946,492965,19
node0_1974,node0,node3,100,492946,492965,19
node0_1975,node0,node4,100,492946,492965,19
node0_1976,node0,node1,100,494377,494395,18
node0_1977,node0,node2,100,494377,494395,18
node0_1978,node0,node3,100,494377,494395,18
node0_1979,node0,node4,100,494377,494395,18
node0_1980,node0,node1,100,498009,498029,20
node0_1981,node0,node2,100,498009,498029,20
node0_1982,node0,node3,100,498009,498029,20
node0_1983,node0,node4,100,498009,498029,20
node0_1984,node0,node1,100,498156,498175,19
node0_1985,node0,node2,100,498156,498175,19
node0_1986,node0,node3,100,498156,498175,19
node0_1987,node0,node4,100,498156,498175,19
node0_1988,node0,node1,100,498850,498869,19
node0_1989,node0,node2,100,498850,498869,19
node0_1990,node0,node3,100,498850,498869,19
node0_1991,node0,node4,100,498850,498869,19
node0_1992,node0,node1,100,499700,499720,20
node0_1993,node0,node2,100,499700,499720,20
node0_1994,node0,node3,100,499700,499720,20
node0_1995,node0,node4,100,499700,499720,20
node0_1996,node0,node1,100,500072,500090,18
node0_1997,node0,node2,100,500072,500090,18
node0_1998,node0,node3,100,500072,500090,18
node0_1999,node0,node4,100,500072,500090,18
node0_2000,node0,node1,100,500772,500791,19
node0_2001,node0,node2,100,500772,500791,19
node0_2002,node0,node3,100,500772,500791,19
node0_2003,node0,node4,100,500772,500791,19
node0_2004,node0,node1,100,501213,501233,20
node0_2005,node0,node2,100,501213,501233,20
node0_2006,node0,node3,100,501213,501233,20
node0_2007,node0,node4,100,501213,501233,20
node0_2008,node0,node1,100,501965,501984,19
node0_2009,node0,node2,100,501965,501984,19
node0_2010,node0,node3,100,501965,501984,19
node0_2011,node0,node4,100,501965,501984,19
node0_2012,node0,node1,100,501965,501984,19
node0_2013,node0,node2,100,501965,501984,19
node0_2014,node0,node3,100,501965,501984,19
node0_2015,node0,node4,100,501965,501984,19
node0_2016,node0,node1,100,502549,502568,19
node0_2017,node0,node2,100,502549,502568,19
node0_2018,node0,node3,100,502549,502568,19
node0_2019,node0,node4,100,502549,502568,19
node0_2020,node0,node1,100,503146,503164,18
node0_2021,node0,node2,100,503146,503164,18
node0_2022,node0,node3,100,503146,503164,18
node0_2023,node0,node4,100,503146,503164,18
node0_2024,node0,node1,100,503510,503529,19
node0_2025,node0,node2,100,503510,503529,19
node0_2026,node0,node3,100,503510,503529,19
node0_2027,node0,node4,100,503510,503529,19
node0_2028,node0,node1,100,504020,504039,19
node0_2029,node0,node2,100,504020,504039,19
node0_2030,node0,node3,100,504020,504039,19
node0_2031,node0,node4,100,504020,504039,19
node0_2032,node0,node1,100,505548,505567,19
node0_2033,node0,node2,100,505548,505567,19
node0_2034,node0,node3,100,505548,505567,19
node0_2035,node0,node4,100,505548,505567,19
node0_2036,node0,node1,100,506698,506716,18
node0_2037,node0,node2,100,506698,506716,18
node0_2038,node0,node3,100,506698,506716,18
node0_2039,node0,node4,100,506698,506716,18
node0_2040,node0,node1,100,507376,507394,18
node0_2041,node0,node2,100,507376,507394,18
node0_2042,node0,node3,100,507376,507394,18
node0_2043,node0,node4,100,507376,507394,18
node0_2044,node0,node1,100,508419,508438,19
node0_2045,node0,node2,100,508419,508438,19
node0_2046,node0,node3,100,508419,508438,19
node0_2047,node0,node4,100,508419,508438,19
node0_2048,node0,node1,100,508893,508911,18
node0_2049,node0,node2,100,508893,508911,18
node0_2050,node0,node3,100,508893,508911,18
node0_2051,node0,node4,100,508893,508911,18
node0_2052,node0,node1,100,509121,509139,18
node0_2053,node0,node2,100,509121,509139,18
node0_2054,node0,node3,100,509121,509139,18
node0_2055,node0,node4,100,509121,509139,18
node0_2056,node0,node1,100,509139,509159,20
node0_2057,node0,node2,100,509139,509159,20
node0_2058,node0,node3,100,509139,509159,20
node0_2059,node0,node4,100,509139,509159,20
node0_2060,node0,node1,100,509451,509470,19
node0_2061,node0,node2,100,509451,509470,19
node0_2062,node0,node3,100,509451,509470,19
node0_2063,node0,node4,100,509451,509470,19
node0_2064,node0,node1,100,510362,510380,18
node0_2065,node0,node2,100,510362,510380,18
node0_2066,node0,node3,100,510362,510380,18
node0_2067,node0,node4,100,510362,510380,18
node0_2068,node0,node1,100,512496,512515,19
node0_2069,node0,node2,100,512496,512515,19
node0_2070,node0,node3,100,512496,512515,19
node0_2071,node0,node4,100,512496,512515,19
node0_2072,node0,node1,100,514265,514283,18
node0_2073,node0,node2,100,514265,514283,18
node0_2074,node0,node3,100,514265,514283,18
node0_2075,node0,node4,100,514265,514283,18
node0_2076,node0,node1,100,514980,514998,18
node0_2077,node0,node2,100,514980,514998,18
node0_2078,node0,node3,100,514980,514998,18
node0_2079,node0,node4,100,514980,514998,18
node0_2080,node0,node1,100,519325,519344,19
node0_2081,node0,node2,100,519325,519344,19
node0_2082,node0,node3,100,519325,519344,19
node0_2083,node0,node4,100,519325,519344,19
node0_2084,node0,node1,100,519944,519964,20
node0_2085,node0,node2,100,519944,519964,20
node0_2086,node0,node3,100,519944,519964,20
node0_2087,node0,node4,100,519944,519964,20
node0_2088,node0,node1,100,521743,521762,19
node0_2089,node0,node2,100,521743,521762,19
node0_2090,node0,node3,100,521743,521762,19
node0_2091,node0,node4,100,521743,521762,19
node0_2092,node0,node1,100,522269,522289,20
node0_2093,node0,node2,100,522269,522289,20
node0_2094,node0,node3,100,522269,522289,20
node0_2095,node0,node4,100,522269,522289,20
node0_2096,node0,node1,100,523634,523654,20
node0_2097,node0,node2,100,523634,523654,20
node0_2098,node0,node3,100,523634,523654,20
node0_2099,node0,node4,100,523634,523654,20
node0_2100,node0,node1,100,528023,528041,18
node0_2101,node0,node2,100,528023,528041,18
node0_2102,node0,node3,100,528023,528041,18
node0_2103,node0,node4,100,528023,528041,18
node0_2104,node0,node1,100,528388,528407,19
node0_2105,node0,node2,100,528388,528407,19
node0_2106,node0,node3,100,528388,528407,19
node0_2107,node0,node4,100,528388,528407,19
node0_2108,node0,node1,100,528574,528593,19
node0_2109,node0,node2,100,528574,528593,19
node0_2110,node0,node3,100,528574,528593,19
node0_2111,node0,node4,100,528574,528593,19
node0_2112,node0,node1,100,529542,529560,18
node0_2113,node0,node2,100,529542,529560,18
node0_2114,node0,node3,100,529542,529560,18
node0_2115,node0,node4,100,529542,529560,18
node0_2116,node0,node1,100,530299,530317,18
node0_2117,node0,node2,100,530299,530317,18
node0_2118,node0,node3,100,530299,530317,18
node0_2119,node0,node4,100,530299,530317,18
node0_2120,node0,node1,100,530744,530763,19
node0_2121,node0,node2,100,530744,530763,19
node0_2122,node0,node3,100,530744,530763,19
node0_2123,node0,node4,100,530744,530763,19
node0_2124,node0,node1,100,530763,530782,19
node0_2125,node0,node2,100,530763,530782,19
node0_2126,node0,node3,100,530763,530782,19
node0_2127,node0,node4,100,530763,530782,19
node0_2128,node0,node1,100,531241,531260,19
node0_2129,node0,node2,100,531241,531260,19
node0_2130,node0,node3,100,531241,531260,19
node0_2131,node0,node4,100,531241,531260,19
node0_2132,node0,node1,100,531796,531815,19
node0_2133,node0,node2,100,531796,531815,19
node0_2134,node0,node3,100,531796,531815,19
node0_2135,node0,node4,100,531796,531815,19
node0_2136,node0,node1,100,532315,532334,19
node0_2137,node0,node2,100,532315,532334,19
node0_2138,node0,node3,100,532315,532334,19
node0_2139,node0,node4,100,532315,532334,19
node0_2140,node0,node1,100,534290,534308,18
node0_2141,node0,node2,100,534290,534308,18
node0_2142,node0,node3,100,534290,534308,18
node0_2143,node0,node4,100,534290,534308,18
node0_2144,node0,node1,100,535169,535188,19
node0_2145,node0,node2,100,535169,535188,19
node0_2146,node0,node3,100,535169,535188,19
node0_2147,node0,node4,100,535169,535188,19
node0_2148,node0,node1,100,536492,536511,19
node0_2149,node0,node2,100,536492,536511,19
node0_2150,node0,node3,100,536492,536511,19
node0_2151,node0,node4,100,536492,536511,19
node0_2152,node0,node1,100,538774,538792,18
node0_2153,node0,node2,100,538774,538792,18
node0_2154,node0,node3,100,538774,538792,18
node0_2155,node0,node4,100,538774,538792,18
node0_2156,node0,node1,100,540155,540173,18
node0_2157,node0,node2,100,540155,540173,18
node0_2158,node0,node3,100,540155,540173,18
node0_2159,node0,node4,100,540155,540173,18
node0_2160,node0,node1,100,540834,540853,19
node0_2161,node0,node2,100,540834,540853,19
node0_2162,node0,node3,100,540834,540853,19
node0_2163,node0,node4,100,540834,540853,19
node0_2164,node0,node1,100,542204,542223,19
node0_2165,node0,node2,100,542204,542223,19
node0_2166,node0,node3,100,542204,542223,19
node0_2167,node0,node4,100,542204,542223,19
node0_2168,node0,node1,100,543226,543244,18
node0_2169,node0,node2,100,543226,543244,18
node0_2170,node0,node3,100,543226,543244,18
node0_2171,node0,node4,100,543226,543244,18
node0_2172,node0,node1,100,544273,544293,20
node0_2173,node0,node2,100,544273,544293,20
node0_2174,node0,node3,100,544273,544293,20
node0_2175,node0,node4,100,544273,544293,20
node0_2176,node0,node1,100,545266,545285,19
node0_2177,node0,node2,100,545266,545285,19
node0_2178,node0,node3,100,545266,545285,19
node0_2179,node0,node4,100,545266,545285,19
node0_2180,node0,node1,100,545788,545806,18
node0_2181,node0,node2,100,545788,545806,18
node0_2182,node0,node3,100,545788,545806,18
node0_2183,node0,node4,100,545788,545806,18
node0_2184,node0,node1,100,546781,546801,20
node0_2185,node0,node2,100,546781,546801,20
node0_2186,node0,node3,100,546781,546801,20
node0_2187,node0,node4,100,546781,546801,20
node0_2188,node0,node1,100,547785,547803,18
node0_2189,node0,node2,100,547785,547803,18
node0_2190,node0,node3,100,547785,547803,18
node0_2191,node0,node4,100,547785,547803,18
node0_2192,node0,node1,100,550552,550571,19
node0_2193,node0,node2,100,550552,550571,19
node0_2194,node0,node3,100,550552,550571,19
node0_2195,node0,node4,100,550552,550571,19
node0_2196,node0,node1,100,552077,552095,18
node0_2197,node0,node2,100,552077,552095,18
node0_2198,node0,node3,100,552077,552095,18
node0_2199,node0,node4,100,552077,552095,18
node0_2200,node0,node1,100,553950,553970,20
node0_2201,node0,node2,100,553950,553970,20
node0_2202,node0,node3,100,553950,553970,20
node0_2203,node0,node4,100,553950,553970,20
node0_2204,node0,node1,100,555408,555426,18
node0_2205,node0,node2,100,555408,555426,18
node0_2206,node0,node3,100,555408,555426,18
node0_2207,node0,node4,100,555408,555426,18
node0_2208,node0,node1,100,557098,557117,19
node0_2209,node0,node2,100,557098,557117,19
node0_2210,node0,node3,100,557098,557117,19
node0_2211,node0,node4,100,557098,557117,19
node0_2212,node0,node1,100,558028,558048,20
node0_2213,node0,node2,100,558028,558048,20
node0_2214,node0,node3,100,558028,558048,20
node0_2215,node0,node4,100,558028,558048,20
node0_2216,node0,node1,100,558458,558477,19
node0_2217,node0,node2,100,558458,558477,19
node0_2218,node0,node3,100,558458,558477,19
node0_2219,node0,node4,100,558458,558477,19
node0_2220,node0,node1,100,558765,558784,19
node0_2221,node0,node2,100,558765,558784,19
node0_2222,node0,node3,100,558765,558784,19
node0_2223,node0,node4,100,558765,558784,19
node0_2224,node0,node1,100,559996,560016,20
node0_2225,node0,node2,100,559996,560016,20
node0_2226,node0,node3,100,559996,560016,20
node0_2227,node0,node4,100,559996,560016,20
node0_2228,node0,node1,100,562067,562086,19
node0_2229,node0,node2,100,562067,562086,19
node0_2230,node0,node3,100,562067,562086,19
node0_2231,node0,node4,100,562067,562086,19
node0_2232,node0,node1,100,562853,562872,19
node0_2233,node0,node2,100,562853,562872,19
node0_2234,node0,node3,100,562853,562872,19
node0_2235,node0,node4,100,562853,562872,19
node0_2236,node0,node1,100,563018,563038,20
node0_2237,node0,node2,100,563018,563038,20
node0_2238,node0,node3,100,563018,563038,20
node0_2239,node0,node4,100,563018,563038,20
node0_2240,node0,node1,100,564807,564825,18
node0_2241,node0,node2,100,564807,564825,18
node0_2242,node0,node3,100,564807,564825,18
node0_2243,node0,node4,100,564807,564825,18
node0_2244,node0,node1,100,565470,565488,18
node0_2245,node0,node2,100,565470,565488,18
node0_2246,node0,node3,100,565470,565488,18
node0_2247,node0,node4,100,565470,565488,18
node0_2248,node0,node1,100,566099,566117,18
node0_2249,node0,node2,100,566099,566117,18
node0_2250,node0,node3,100,566099,566117,18
node0_2251,node0,node4,100,566099,566117,18
node0_2252,node0,node1,100,566146,566166,20
node0_2253,node0,node2,100,566146,566166,20
node0_2254,node0,node3,100,566146,566166,20
node0_2255,node0,node4,100,566146,566166,20
node0_2256,node0,node1,100,566860,566879,19
node0_2257,node0,node2,100,566860,566879,19
node0_2258,node0,node3,100,566860,566879,19
node0_2259,node0,node4,100,566860,566879,19
node0_2260,node0,node1,100,568225,568243,18
node0_2261,node0,node2,100,568225,568243,18
node0_2262,node0,node3,100,568225,568243,18
node0_2263,node0,node4,100,568225,568243,18
node0_2264,node0,node1,100,568775,568795,20
node0_2265,node0,node2,100,568775,568795,20
node0_2266,node0,node3,100,568775,568795,20
node0_2267,node0,node4,100,568775,568795,20
node0_2268,node0,node1,100,569213,569231,18
node0_2269,node0,node2,100,569213,569231,18
node0_2270,node0,node3,100,569213,569231,18
node0_2271,node0,node4,100,569213,569231,18
node0_2272,node0,node1,100,570283,570302,19
node0_2273,node0,node2,100,570283,570302,19
node0_2274,node0,node3,100,570283,570302,19
node0_2275,node0,node4,100,570283,570302,19
node0_2276,node0,node1,100,570303,570323,20
node0_2277,node0,node2,100,570303,570323,20
node0_2278,node0,node3,100,570303,570323,20
node0_2279,node0,node4,100,570303,570323,20
node0_2280,node0,node1,100,571010,571028,18
node0_2281,node0,node2,100,571010,571028,18
node0_2282,node0,node3,100,571010,571028,18
node0_2283,node0,node4,100,571010,571028,18
node0_2284,node0,node1,100,573932,573951,19
node0_2285,node0,node2,100,573932,573951,19
node0_2286,node0,node3,100,573932,573951,19
node0_2287,node0,node4,100,573932,573951,19
node0_2288,node0,node1,100,575104,575123,19
node0_2289,node0,node2,100,575104,575123,19
node0_2290,node0,node3,100,575104,575123,19
node0_2291,node0,node4,100,575104,575123,19
node0_2292,node0,node1,100,575618,575636,18
node0_2293,node0,node2,100,575618,575636,18
node0_2294,node0,node3,100,575618,575636,18
node0_2295,node0,node4,100,575618,575636,18
node0_2296,node0,node1,100,576786,576805,19
node0_2297,node0,node2,100,576786,576805,19
node0_2298,node0,node3,100,576786,576805,19
node0_2299,node0,node4,100,576786,576805,19
node0_2300,node0,node1,100,577715,577734,19
node0_2301,node0,node2,100,577715,577734,19
node0_2302,node0,node3,100,577715,577734,19
node0_2303,node0,node4,100,577715,577734,19
node0_2304,node0,node1,100,577949,577968,19
node0_2305,node0,node2,100,577949,577968,19
node0_2306,node0,node3,100,577949,577968,19
node0_2307,node0,node4,100,577949,577968,19
node0_2308,node0,node1,100,578182,578201,19
node0_2309,node0,node2,100,578182,578201,19
node0_2310,node0,node3,100,578182,578201,19
node0_2311,node0,node4,100,578182,578201,19
node0_2312,node0,node1,100,580354,580373,19
node0_2313,node0,node2,100,580354,580373,19
node0_2314,node0,node3,100,580354,580373,19
node0_2315,node0,node4,100,580354,580373,19
node0_2316,node0,node1,100,580667,580686,19
node0_2317,node0,node2,100,580667,580686,19
node0_2318,node0,node3,100,580667,580686,19
node0_2319,node0,node4,100,580667,580686,19
node0_2320,node0,node1,100,580745,580764,19
node0_2321,node0,node2,100,580745,580764,19
node0_2322,node0,node3,100,580745,580764,19
node0_2323,node0,node4,100,580745,580764,19
node0_2324,node0,node1,100,582521,582540,19
node0_2325,node0,node2,100,582521,582540,19
node0_2326,node0,node3,100,582521,582540,19
node0_2327,node0,node4,100,582521,582540,19
node0_2328,node0,node1,100,583262,583282,20
node0_2329,node0,node2,100,583262,583282,20
node0_2330,node0,node3,100,583262,583282,20
node0_2331,node0,node4,100,583262,583282,20
node0_2332,node0,node1,100,583721,583740,19
node0_2333,node0,node2,100,583721,583740,19
node0_2334,node0,node3,100,583721,583740,19
node0_2335,node0,node4,100,583721,583740,19
node0_2336,node0,node1,100,584437,584455,18
node0_2337,node0,node2,100,584437,584455,18
node0_2338,node0,node3,100,584437,584455,18
node0_2339,node0,node4,100,584437,584455,18
node0_2340,node0,node1,100,585772,585792,20
node0_2341,node0,node2,100,585772,585792,20
node0_2342,node0,node3,100,585772,585792,20
node0_2343,node0,node4,100,585772,585792,20
node0_2344,node0,node1,100,585956,585974,18
node0_2345,node0,node2,100,585956,585974,18
node0_2346,node0,node3,100,585956,585974,18
node0_2347,node0,node4,100,585956,585974,18
node0_2348,node0,node1,100,587015,587034,19
node0_2349,node0,node2,100,587015,587034,19
node0_2350,node0,node3,100,587015,587034,19
node0_2351,node0,node4,100,587015,587034,19
node0_2352,node0,node1,100,588265,588285,20
node0_2353,node0,node2,100,588265,588285,20
node0_2354,node0,node3,100,588265,588285,20
node0_2355,node0,node4,100,588265,588285,20
node0_2356,node0,node1,100,589952,589970,18
node0_2357,node0,node2,100,589952,589970,18
node0_2358,node0,node3,100,589952,589970,18
node0_2359,node0,node4,100,589952,589970,18
node0_2360,node0,node1,100,590267,590286,19
node0_2361,node0,node2,100,590267,590286,19
node0_2362,node0,node3,100,590267,590286,19
node0_2363,node0,node4,100,590267,590286,19
node0_2364,node0,node1,100,591207,591225,18
node0_2365,node0,node2,100,591207,591225,18
node0_2366,node0,node3,100,591207,591225,18
node0_2367,node0,node4,100,591207,591225,18
node0_2368,node0,node1,100,591471,591490,19
node0_2369,node0,node2,100,591471,591490,19
node0_2370,node0,node3,100,591471,591490,19
node0_2371,node0,node4,100,591471,591490,19
node0_2372,node0,node1,100,592295,592314,19
node0_2373,node0,node2,100,592295,592314,19
node0_2374,node0,node3,100,592295,592314,19
node0_2375,node0,node4,100,592295,592314,19
node0_2376,node0,node1,100,592484,592503,19
node0_2377,node0,node2,100,592484,592503,19
node0_2378,node0,node3,100,592484,592503,19
node0_2379,node0,node4,100,592484,592503,19
node0_2380,node0,node1,100,594044,594064,20
node0_2381,node0,node2,100,594044,594064,20
node0_2382,node0,node3,100,594044,594064,20
node0_2383,node0,node4,100,594044,594064,20
node0_2384,node0,node1,100,596059,596078,19
node0_2385,node0,node2,100,596059,596078,19
node0_2386,node0,node3,100,596059,596078,19
node0_2387,node0,node4,100,596059,596078,19
node0_2388,node0,node1,100,596459,596478,19
node0_2389,node0,node2,100,596459,596478,19
node0_2390,node0,node3,100,596459,596478,19
node0_2391,node0,node4,100,596459,596478,19
node0_2392,node0,node1,100,596710,596729,19
node0_2393,node0,node2,100,596710,596729,19
node0_2394,node0,node3,100,596710,596729,19
node0_2395,node0,node4,100,596710,596729,19
node0_2396,node0,node1,100,600029,600048,19
node0_2397,node0,node2,100,600029,600048,19
node0_2398,node0,node3,100,600029,600048,19
node0_2399,node0,node4,100,600029,600048,19
node0_2400,node0,node1,100,601255,601273,18
node0_2401,node0,node2,100,601255,601273,18
node0_2402,node0,node3,100,601255,601273,18
node0_2403,node0,node4,100,601255,601273,18
node0_2404,node0,node1,100,603112,603132,20
node0_2405,node0,node2,100,603112,603132,20
node0_2406,node0,node3,100,603112,603132,20
node0_2407,node0,node4,100,603112,603132,20
node0_2408,node0,node1,100,603143,603162,19
node0_2409,node0,node2,100,603143,603162,19
node0_2410,node0,node3,100,603143,603162,19
node0_2411,node0,node4,100,603143,603162,19
node0_2412,node0,node1,100,605439,605457,18
node0_2413,node0,node2,100,605439,605457,18
node0_2414,node0,node3,100,605439,605457,18
node0_2415,node0,node4,100,605439,605457,18
node0_2416,node0,node1,100,606413,606431,18
node0_2417,node0,node2,100,606413,606431,18
node0_2418,node0,node3,100,606413,606431,18
node0_2419,node0,node4,100,606413,606431,18
node0_2420,node0,node1,100,606794,606814,20
node0_2421,node0,node2,100,606794,606814,20
node0_2422,node0,node3,100,606794,606814,20
node0_2423,node0,node4,100,606794,606814,20
node0_2424,node0,node1,100,607359,607377,18
node0_2425,node0,node2,100,607359,607377,18
node0_2426,node0,node3,100,607359,607377,18
node0_2427,node0,node4,100,607359,607377,18
node0_2428,node0,node1,100,608793,608812,19
node0_2429,node0,node2,100,608793,608812,19
node0_2430,node0,node3,100,608793,608812,19
node0_2431,node0,node4,100,608793,608812,19
node0_2432,node0,node1,100,610332,610352,20
node0_2433,node0,node2,100,610332,610352,20
node0_2434,node0,node3,100,610332,610352,20
node0_2435,node0,node4,100,610332,610352,20
node0_2436,node0,node1,100,610542,610560,18
node0_2437,node0,node2,100,610542,610560,18
node0_2438,node0,node3,100,610542,610560,18
node0_2439,node0,node4,100,610542,610560,18
node0_2440,node0,node1,100,611526,611545,19
node0_2441,node0,node2,100,611526,611545,19
node0_2442,node0,node3,100,611526,611545,19
node0_2443,node0,node4,100,611526,611545,19
node0_2444,node0,node1,100,611707,611727,20
node0_2445,node0,node2,100,611707,611727,20
node0_2446,node0,node3,100,611707,611727,20
node0_2447,node0,node4,100,611707,611727,20
node0_2448,node0,node1,100,615321,615340,19
node0_2449,node0,node2,100,615321,615340,19
node0_2450,node0,node3,100,615321,615340,19
node0_2451,node0,node4,100,615321,615340,19
node0_2452,node0,node1,100,615907,615926,19
node0_2453,node0,node2,100,615907,615926,19
node0_2454,node0,node3,100,615907,615926,19
node0_2455,node0,node4,100,615907,615926,19
node0_2456,node0,node1,100,618350,618369,19
node0_2457,node0,node2,100,618350,618369,19
node0_2458,node0,node3,100,618350,618369,19
node0_2459,node0,node4,100,618350,618369,19
node0_2460,node0,node1,100,619653,619671,18
node0_2461,node0,node2,100,619653,619671,18
node0_2462,node0,node3,100,619653,619671,18
node0_2463,node0,node4,100,619653,619671,18
node0_2464,node0,node1,100,620585,620603,18
node0_2465,node0,node2,100,620585,620603,18
node0_2466,node0,node3,100,620585,620603,18
node0_2467,node0,node4,100,620585,620603,18
node0_2468,node0,node1,100,620889,620908,19
node0_2469,node0,node2,100,620889,620908,19
node0_2470,node0,node3,100,620889,620908,19
node0_2471,node0,node4,100,620889,620908,19
node0_2472,node0,node1,100,621637,621657,20
node0_2473,node0,node2,100,621637,621657,20
node0_2474,node0,node3,100,621637,621657,20
node0_2475,node0,node4,100,621637,621657,20
node0_2476,node0,node1,100,621786,621804,18
node0_2477,node0,node2,100,621786,621804,18
node0_2478,node0,node3,100,621786,621804,18
node0_2479,node0,node4,100,621786,621804,18
node0_2480,node0,node1,100,621935,621954,19
node0_2481,node0,node2,100,621935,621954,19
node0_2482,node0,node3,100,621935,621954,19
node0_2483,node0,node4,100,621935,621954,19
node0_2484,node0,node1,100,623193,623213,20
node0_2485,node0,node2,100,623193,623213,20
node0_2486,node0,node3,100,623193,623213,20
node0_2487,node0,node4,100,623193,623213,20
node0_2488,node0,node1,100,623641,623660,19
node0_2489,node0,node2,100,623641,623660,19
node0_2490,node0,node3,100,623641,623660,19
node0_2491,node0,node4,100,623641,623660,19
node0_2492,node0,node1,100,625032,625050,18
node0_2493,node0,node2,100,625032,625050,18
node0_2494,node0,node3,100,625032,625050,18
node0_2495,node0,node4,100,625032,625050,18
node0_2496,node0,node1,100,625307,625326,19
node0_2497,node0,node2,100,625307,625326,19
node0_2498,node0,node3,100,625307,625326,19
node0_2499,node0,node4,100,625307,625326,19
node0_2500,node0,node1,100,626574,626593,19
node0_2501,node0,node2,100,626574,626593,19
node0_2502,node0,node3,100,626574,626593,19
node0_2503,node0,node4,100,626574,626593,19
node0_2504,node0,node1,100,627841,627859,18
node0_2505,node0,node2,100,627841,627859,18
node0_2506,node0,node3,100,627841,627859,18
node0_2507,node0,node4,100,627841,627859,18
node0_2508,node0,node1,100,628206,628226,20
node0_2509,node0,node2,100,628206,628226,20
node0_2510,node0,node3,100,628206,628226,20
node0_2511,node0,node4,100,628206,628226,20
node0_2512,node0,node1,100,628318,628336,18
node0_2513,node0,node2,100,628318,628336,18
node0_2514,node0,node3,100,628318,628336,18
node0_2515,node0,node4,100,628318,628336,18
node0_2516,node0,node1,100,628824,628842,18
node0_2517,node0,node2,100,628824,628842,18
node0_2518,node0,node3,100,628824,628842,18
node0_2519,node0,node4,100,628824,628842,18
node0_2520,node0,node1,100,629502,629521,19
node0_2521,node0,node2,100,629502,629521,19
node0_2522,node0,node3,100,629502,629521,19
node0_2523,node0,node4,100,629502,629521,19
node0_2524,node0,node1,100,629608,629627,19
node0_2525,node0,node2,100,629608,629627,19
node0_2526,node0,node3,100,629608,629627,19
node0_2527,node0,node4,100,629608,629627,19
node0_2528,node0,node1,100,629814,629832,18
node0_2529,node0,node2,100,629814,629832,18
node0_2530,node0,node3,100,629814,629832,18
node0_2531,node0,node4,100,629814,629832,18
node0_2532,node0,node1,100,629871,629889,18
node0_2533,node0,node2,100,629871,629889,18
node0_2534,node0,node3,100,629871,629889,18
node0_2535,node0,node4,100,629871,629889,18
node0_2536,node0,node1,100,630781,630800,19
node0_2537,node0,node2,100,630781,630800,19
node0_2538,node0,node3,100,630781,630800,19
node0_2539,node0,node4,100,630781,630800,19
node0_2540,node0,node1,100,632978,632996,18
node0_2541,node0,node2,100,632978,632996,18
node0_2542,node0,node3,100,632978,632996,18
node0_2543,node0,node4,100,632978,632996,18
node0_2544,node0,node1,100,633222,633240,18
node0_2545,node0,node2,100,633222,633240,18
node0_2546,node0,node3,100,633222,633240,18
node0_2547,node0,node4,100,633222,633240,18
node0_2548,node0,node1,100,633258,633278,20
node0_2549,node0,node2,100,633258,633278,20
node0_2550,node0,node3,100,633258,633278,20
node0_2551,node0,node4,100,633258,633278,20
node0_2552,node0,node1,100,634475,634494,19
node0_2553,node0,node2,100,634475,634494,19
node0_2554,node0,node3,100,634475,634494,19
node0_2555,node0,node4,100,634475,634494,19
node0_2556,node0,node1,100,636162,636181,19
node0_2557,node0,node2,100,636162,636181,19
node0_2558,node0,node3,100,636162,636181,19
node0_2559,node0,node4,100,636162,636181,19
node0_2560,node0,node1,100,639489,639508,19
node0_2561,node0,node2,100,639489,639508,19
node0_2562,node0,node3,100,639489,639508,19
node0_2563,node0,node4,100,639489,639508,19
node0_2564,node0,node1,100,640439,640457,18
node0_2565,node0,node2,100,640439,640457,18
node0_2566,node0,node3,100,640439,640457,18
node0_2567,node0,node4,100,640439,640457,18
node0_2568,node0,node1,100,640859,640878,19
node0_2569,node0,node2,100,640859,640878,19
node0_2570,node0,node3,100,640859,640878,19
node0_2571,node0,node4,100,640859,640878,19
node0_2572,node0,node1,100,642678,642698,20
node0_2573,node0,node2,100,642678,642698,20
node0_2574,node0,node3,100,642678,642698,20
node0_2575,node0,node4,100,642678,642698,20
node0_2576,node0,node1,100,642804,642823,19
node0_2577,node0,node2,100,642804,642823,19
node0_2578,node0,node3,100,642804,642823,19
node0_2579,node0,node4,100,642804,642823,19
node0_2580,node0,node1,100,643983,644001,18
node0_2581,node0,node2,100,643983,644001,18
node0_2582,node0,node3,100,643983,644001,18
node0_2583,node0,node4,100,643983,644001,18
node0_2584,node0,node1,100,644083,644101,18
node0_2585,node0,node2,100,644083,644101,18
node0_2586,node0,node3,100,644083,644101,18
node0_2587,node0,node4,100,644083,644101,18
node0_2588,node0,node1,100,644594,644614,20
node0_2589,node0,node2,100,644594,644614,20
node0_2590,node0,node3,100,644594,644614,20
node0_2591,node0,node4,100,644594,644614,20
node0_2592,node0,node1,100,645277,645296,19
node0_2593,node0,node2,100,645277,645296,19
node0_2594,node0,node3,100,645277,645296,19
node0_2595,node0,node4,100,645277,645296,19
node0_2596,node0,node1,100,645752,645771,19
node0_2597,node0,node2,100,645752,645771,19
node0_2598,node0,node3,100,645752,645771,19
node0_2599,node0,node4,100,645752,645771,19
node0_2600,node0,node1,100,645936,645955,19
node0_2601,node0,node2,100,645936,645955,19
node0_2602,node0,node3,100,645936,645955,19
node0_2603,node0,node4,100,645936,645955,19
node0_2604,node0,node1,100,646200,646219,19
node0_2605,node0,node2,100,646200,646219,19
node0_2606,node0,node3,100,646200,646219,19
node0_2607,node0,node4,100,646200,646219,19
node0_2608,node0,node1,100,647915,647933,18
node0_2609,node0,node2,100,647915,647933,18
node0_2610,node0,node3,100,647915,647933,18
node0_2611,node0,node4,100,647915,647933,18
node0_2612,node0,node1,100,648536,648555,19
node0_2613,node0,node2,100,648536,648555,19
node0_2614,node0,node3,100,648536,648555,19
node0_2615,node0,node4,100,648536,648555,19
node0_2616,node0,node1,100,649404,649423,19
node0_2617,node0,node2,100,649404,649423,19
node0_2618,node0,node3,100,649404,649423,19
node0_2619,node0,node4,100,649404,649423,19
node0_2620,node0,node1,100,649642,649661,19
node0_2621,node0,node2,100,649642,649661,19
node0_2622,node0,node3,100,649642,649661,19
node0_2623,node0,node4,100,649642,649661,19
node0_2624,node0,node1,100,650897,650917,20
node0_2625,node0,node2,100,650897,650917,20
node0_2626,node0,node3,100,650897,650917,20
node0_2627,node0,node4,100,650897,650917,20
node0_2628,node0,node1,100,651298,651317,19
node0_2629,node0,node2,100,651298,651317,19
node0_2630,node0,node3,100,651298,651317,19
node0_2631,node0,node4,100,651298,651317,19
node0_2632,node0,node1,100,652198,652217,19
node0_2633,node0,node2,100,652198,652217,19
node0_2634,node0,node3,100,652198,652217,19
node0_2635,node0,node4,100,652198,652217,19
node0_2636,node0,node1,100,654600,654618,18
node0_2637,node0,node2,100,654600,654618,18
node0_2638,node0,node3,100,654600,654618,18
node0_2639,node0,node4,100,654600,654618,18
node0_2640,node0,node1,100,659784,659803,19
node0_2641,node0,node2,100,659784,659803,19
node0_2642,node0,node3,100,659784,659803,19
node0_2643,node0,node4,100,659784,659803,19
node0_2644,node0,node1,100,659831,659849,18
node0_2645,node0,node2,100,659831,659849,18
node0_2646,node0,node3,100,659831,659849,18
node0_2647,node0,node4,100,659831,659849,18
node0_2648,node0,node1,100,661428,661446,18
node0_2649,node0,node2,100,661428,661446,18
node0_2650,node0,node3,100,661428,661446,18
node0_2651,node0,node4,100,661428,661446,18
node0_2652,node0,node1,100,663377,663396,19
node0_2653,node0,node2,100,663377,663396,19
node0_2654,node0,node3,100,663377,663396,19
node0_2655,node0,node4,100,663377,663396,19
node0_2656,node0,node1,100,663762,663780,18
node0_2657,node0,node2,100,663762,663780,18
node0_2658,node0,node3,100,663762,663780,18
node0_2659,node0,node4,100,663762,663780,18
node0_2660,node0,node1,100,664245,664263,18
node0_2661,node0,node2,100,664245,664263,18
node0_2662,node0,node3,100,664245,664263,18
node0_2663,node0,node4,100,664245,664263,18
node0_2664,node0,node1,100,665113,665132,19
node0_2665,node0,node2,100,665113,665132,19
node0_2666,node0,node3,100,665113,665132,19
node0_2667,node0,node4,100,665113,665132,19
node0_2668,node0,node1,100,667625,667644,19
node0_2669,node0,node2,100,667625,667644,19
node0_2670,node0,node3,100,667625,667644,19
node0_2671,node0,node4,100,667625,667644,19
node0_2672,node0,node1,100,668135,668153,18
node0_2673,node0,node2,100,668135,668153,18
node0_2674,node0,node3,100,668135,668153,18
node0_2675,node0,node4,100,668135,668153,18
node0_2676,node0,node1,100,670256,670276,20
node0_2677,node0,node2,100,670256,670276,20
node0_2678,node0,node3,100,670256,670276,20
node0_2679,node0,node4,100,670256,670276,20
node0_2680,node0,node1,100,671677,671695,18
node0_2681,node0,node2,100,671677,671695,18
node0_2682,node0,node3,100,671677,671695,18
node0_2683,node0,node4,100,671677,671695,18
node0_2684,node0,node1,100,671842,671860,18
node0_2685,node0,node2,100,671842,671860,18
node0_2686,node0,node3,100,671842,671860,18
node0_2687,node0,node4,100,671842,671860,18
node0_2688,node0,node1,100,674292,674311,19
node0_2689,node0,node2,100,674292,674311,19
node0_2690,node0,node3,100,674292,674311,19
node0_2691,node0,node4,100,674292,674311,19
node0_2692,node0,node1,100,674311,674330,19
node0_2693,node0,node2,100,674311,674330,19
node0_2694,node0,node3,100,674311,674330,19
node0_2695,node0,node4,100,674311,674330,19
node0_2696,node0,node1,100,674464,674482,18
node0_2697,node0,node2,100,674464,674482,18
node0_2698,node0,node3,100,674464,674482,18
node0_2699,node0,node4,100,674464,674482,18
node0_2700,node0,node1,100,675557,675575,18
node0_2701,node0,node2,100,675557,675575,18
node0_2702,node0,node3,100,675557,675575,18
node0_2703,node0,node4,100,675557,675575,18
node0_2704,node0,node1,100,675616,675635,19
node0_2705,node0,node2,100,675616,675635,19
node0_2706,node0,node3,100,675616,675635,19
node0_2707,node0,node4,100,675616,675635,19
node0_2708,node0,node1,100,676093,676111,18
node0_2709,node0,node2,100,676093,676111,18
node0_2710,node0,node3,100,676093,676111,18
node0_2711,node0,node4,100,676093,676111,18
node0_2712,node0,node1,100,676232,676250,18
node0_2713,node0,node2,100,676232,676250,18
node0_2714,node0,node3,100,676232,676250,18
node0_2715,node0,node4,100,676232,676250,18
node0_2716,node0,node1,100,676854,676873,19
node0_2717,node0,node2,100,676854,676873,19
node0_2718,node0,node3,100,676854,676873,19
node0_2719,node0,node4,100,676854,676873,19
node0_2720,node0,node1,100,678687,678706,19
node0_2721,node0,node2,100,678687,678706,19
node0_2722,node0,node3,100,678687,678706,19
node0_2723,node0,node4,100,678687,678706,19
node0_2724,node0,node1,100,681052,681071,19
node0_2725,node0,node2,100,681052,681071,19
node0_2726,node0,node3,100,681052,681071,19
node0_2727,node0,node4,100,681052,681071,19
node0_2728,node0,node1,100,681088,681108,20
node0_2729,node0,node2,100,681088,681108,20
node0_2730,node0,node3,100,681088,681108,20
node0_2731,node0,node4,100,681088,681108,20
node0_2732,node0,node1,100,681151,681170,19
node0_2733,node0,node2,100,681151,681170,19
node0_2734,node0,node3,100,681151,681170,19
node0_2735,node0,node4,100,681151,681170,19
node0_2736,node0,node1,100,682987,683005,18
node0_2737,node0,node2,100,682987,683005,18
node0_2738,node0,node3,100,682987,683005,18
node0_2739,node0,node4,100,682987,683005,18
node0_2740,node0,node1,100,683031,683050,19
node0_2741,node0,node2,100,683031,683050,19
node0_2742,node0,node3,100,683031,683050,19
node0_2743,node0,node4,100,683031,683050,19
node0_2744,node0,node1,100,683351,683370,19
node0_2745,node0,node2,100,683351,683370,19
node0_2746,node0,node3,100,683351,683370,19
node0_2747,node0,node4,100,683351,683370,19
node0_2748,node0,node1,100,683476,683495,19
node0_2749,node0,node2,100,683476,683495,19
node0_2750,node0,node3,100,683476,683495,19
node0_2751,node0,node4,100,683476,683495,19
node0_2752,node0,node1,100,683571,683589,18
node0_2753,node0,node2,100,683571,683589,18
node0_2754,node0,node3,100,683571,683589,18
node0_2755,node0,node4,100,683571,683589,18
node0_2756,node0,node1,100,683599,683618,19
node0_2757,node0,node2,100,683599,683618,19
node0_2758,node0,node3,100,683599,683618,19
node0_2759,node0,node4,100,683599,683618,19
node0_2760,node0,node1,100,684614,684633,19
node0_2761,node0,node2,100,684614,684633,19
node0_2762,node0,node3,100,684614,684633,19
node0_2763,node0,node4,100,684614,684633,19
node0_2764,node0,node1,100,685979,685998,19
node0_2765,node0,node2,100,685979,685998,19
node0_2766,node0,node3,100,685979,685998,19
node0_2767,node0,node4,100,685979,685998,19
node0_2768,node0,node1,100,687140,687160,20
node0_2769,node0,node2,100,687140,687160,20
node0_2770,node0,node3,100,687140,687160,20
node0_2771,node0,node4,100,687140,687160,20
node0_2772,node0,node1,100,689008,689027,19
node0_2773,node0,node2,100,689008,689027,19
node0_2774,node0,node3,100,689008,689027,19
node0_2775,node0,node4,100,689008,689027,19
node0_2776,node0,node1,100,690096,690115,19
node0_2777,node0,node2,100,690096,690115,19
node0_2778,node0,node3,100,690096,690115,19
node0_2779,node0,node4,100,690096,690115,19
node0_2780,node0,node1,100,690589,690608,19
node0_2781,node0,node2,100,690589,690608,19
node0_2782,node0,node3,100,690589,690608,19
node0_2783,node0,node4,100,690589,690608,19
node0_2784,node0,node1,100,691587,691606,19
node0_2785,node0,node2,100,691587,691606,19
node0_2786,node0,node3,100,691587,691606,19
node0_2787,node0,node4,100,691587,691606,19
node0_2788,node0,node1,100,695080,695099,19
node0_2789,node0,node2,100,695080,695099,19
node0_2790,node0,node3,100,695080,695099,19
node0_2791,node0,node4,100,695080,695099,19
node0_2792,node0,node1,100,696106,696126,20
node0_2793,node0,node2,100,696106,696126,20
node0_2794,node0,node3,100,696106,696126,20
node0_2795,node0,node4,100,696106,696126,20
node0_2796,node0,node1,100,696384,696402,18
node0_2797,node0,node2,100,696384,696402,18
node0_2798,node0,node3,100,696384,696402,18
node0_2799,node0,node4,100,696384,696402,18
node0_2800,node0,node1,100,696446,696464,18
node0_2801,node0,node2,100,696446,696464,18
node0_2802,node0,node3,100,696446,696464,18
node0_2803,node0,node4,100,696446,696464,18
node0_2804,node0,node1,100,699182,699200,18
node0_2805,node0,node2,100,699182,699200,18
node0_2806,node0,node3,100,699182,699200,18
node0_2807,node0,node4,100,699182,699200,18
node0_2808,node0,node1,100,700075,700094,19
node0_2809,node0,node2,100,700075,700094,19
node0_2810,node0,node3,100,700075,700094,19
node0_2811,node0,node4,100,700075,700094,19
node0_2812,node0,node1,100,700505,700523,18
node0_2813,node0,node2,100,700505,700523,18
node0_2814,node0,node3,100,700505,700523,18
node0_2815,node0,node4,100,700505,700523,18
node0_2816,node0,node1,100,701435,701453,18
node0_2817,node0,node2,100,701435,701453,18
node0_2818,node0,node3,100,701435,701453,18
node0_2819,node0,node4,100,701435,701453,18
node0_2820,node0,node1,100,702257,702277,20
node0_2821,node0,node2,100,702257,702277,20
node0_2822,node0,node3,100,702257,702277,20
node0_2823,node0,node4,100,702257,702277,20
node0_2824,node0,node1,100,702995,703013,18
node0_2825,node0,node2,100,702995,703013,18
node0_2826,node0,node3,100,702995,703013,18
node0_2827,node0,node4,100,702995,703013,18
node0_2828,node0,node1,100,703058,703077,19
node0_2829,node0,node2,100,703058,703077,19
node0_2830,node0,node3,100,703058,703077,19
node0_2831,node0,node4,100,703058,703077,19
node0_2832,node0,node1,100,703494,703514,20
node0_2833,node0,node2,100,703494,703514,20
node0_2834,node0,node3,100,703494,703514,20
node0_2835,node0,node4,100,703494,703514,20
node0_2836,node0,node1,100,704026,704045,19
node0_2837,node0,node2,100,704026,704045,19
node0_2838,node0,node3,100,704026,704045,19
node0_2839,node0,node4,100,704026,704045,19
node0_2840,node0,node1,100,704248,704266,18
node0_2841,node0,node2,100,704248,704266,18
node0_2842,node0,node3,100,704248,704266,18
node0_2843,node0,node4,100,704248,704266,18
node0_2844,node0,node1,100,706369,706388,19
node0_2845,node0,node2,100,706369,706388,19
node0_2846,node0,node3,100,706369,706388,19
node0_2847,node0,node4,100,706369,706388,19
node0_2848,node0,node1,100,706921,706939,18
node0_2849,node0,node2,100,706921,706939,18
node0_2850,node0,node3,100,706921,706939,18
node0_2851,node0,node4,100,706921,706939,18
node0_2852,node0,node1,100,708007,708025,18
node0_2853,node0,node2,100,708007,708025,18
node0_2854,node0,node3,100,708007,708025,18
node0_2855,node0,node4,100,708007,708025,18
node0_2856,node0,node1,100,709257,709276,19
node0_2857,node0,node2,100,709257,709276,19
node0_2858,node0,node3,100,709257,709276,19
node0_2859,node0,node4,100,709257,709276,19
node0_2860,node0,node1,100,710617,710635,18
node0_2861,node0,node2,100,710617,710635,18
node0_2862,node0,node3,100,710617,710635,18
node0_2863,node0,node4,100,710617,710635,18
node0_2864,node0,node1,100,711894,711913,19
node0_2865,node0,node2,100,711894,711913,19
node0_2866,node0,node3,100,711894,711913,19
node0_2867,node0,node4,100,711894,711913,19
node0_2868,node0,node1,100,713289,713307,18
node0_2869,node0,node2,100,713289,713307,18
node0_2870,node0,node3,100,713289,713307,18
node0_2871,node0,node4,100,713289,713307,18
node0_2872,node0,node1,100,713579,713599,20
node0_2873,node0,node2,100,713579,713599,20
node0_2874,node0,node3,100,713579,713599,20
node0_2875,node0,node4,100,713579,713599,20
node0_2876,node0,node1,100,717326,717345,19
node0_2877,node0,node2,100,717326,717345,19
node0_2878,node0,node3,100,717326,717345,19
node0_2879,node0,node4,100,717326,717345,19
node0_2880,node0,node1,100,717489,717507,18
node0_2881,node0,node2,100,717489,717507,18
node0_2882,node0,node3,100,717489,717507,18
node0_2883,node0,node4,100,717489,717507,18
node0_2884,node0,node1,100,719998,720017,19
node0_2885,node0,node2,100,719998,720017,19
node0_2886,node0,node3,100,719998,720017,19
node0_2887,node0,node4,100,719998,720017,19
node0_2888,node0,node1,100,721926,721944,18
node0_2889,node0,node2,100,721926,721944,18
node0_2890,node0,node3,100,721926,721944,18
node0_2891,node0,node4,100,721926,721944,18
node0_2892,node0,node1,100,723838,723857,19
node0_2893,node0,node2,100,723838,723857,19
node0_2894,node0,node3,100,723838,723857,19
node0_2895,node0,node4,100,723838,723857,19
node0_2896,node0,node1,100,723892,723911,19
node0_2897,node0,node2,100,723892,723911,19
node0_2898,node0,node3,100,723892,723911,19
node0_2899,node0,node4,100,723892,723911,19
node0_2900,node0,node1,100,723988,724007,19
node0_2901,node0,node2,100,723988,724007,19
node0_2902,node0,node3,100,723988,724007,19
node0_2903,node0,node4,100,723988,724007,19
node0_2904,node0,node1,100,725665,725684,19
node0_2905,node0,node2,100,725665,725684,19
node0_2906,node0,node3,100,725665,725684,19
node0_2907,node0,node4,100,725665,725684,19
node0_2908,node0,node1,100,726298,726317,19
node0_2909,node0,node2,100,726298,726317,19
node0_2910,node0,node3,100,726298,726317,19
node0_2911,node0,node4,100,726298,726317,19
node0_2912,node0,node1,100,726761,726780,19
node0_2913,node0,node2,100,726761,726780,19
node0_2914,node0,node3,100,726761,726780,19
node0_2915,node0,node4,100,726761,726780,19
node0_2916,node0,node1,100,730940,730959,19
node0_2917,node0,node2,100,730940,730959,19
node0_2918,node0,node3,100,730940,730959,19
node0_2919,node0,node4,100,730940,730959,19
node0_2920,node0,node1,100,730981,731000,19
node0_2921,node0,node2,100,730981,731000,19
node0_2922,node0,node3,100,730981,731000,19
node0_2923,node0,node4,100,730981,731000,19
node0_2924,node0,node1,100,731739,731759,20
node0_2925,node0,node2,100,731739,731759,20
node0_2926,node0,node3,100,731739,731759,20
node0_2927,node0,node4,100,731739,731759,20
node0_2928,node0,node1,100,732325,732344,19
node0_2929,node0,node2,100,732325,732344,19
node0_2930,node0,node3,100,732325,732344,19
node0_2931,node0,node4,100,732325,732344,19
node0_2932,node0,node1,100,732462,732481,19
node0_2933,node0,node2,100,732462,732481,19
node0_2934,node0,node3,100,732462,732481,19
node0_2935,node0,node4,100,732462,732481,19
node0_2936,node0,node1,100,732965,732985,20
node0_2937,node0,node2,100,732965,732985,20
node0_2938,node0,node3,100,732965,732985,20
node0_2939,node0,node4,100,732965,732985,20
node0_2940,node0,node1,100,734194,734212,18
node0_2941,node0,node2,100,734194,734212,18
node0_2942,node0,node3,100,734194,734212,18
node0_2943,node0,node4,100,734194,734212,18
node0_2944,node0,node1,100,736334,736352,18
node0_2945,node0,node2,100,736334,736352,18
node0_2946,node0,node3,100,736334,736352,18
node0_2947,node0,node4,100,736334,736352,18
node0_2948,node0,node1,100,736359,736378,19
node0_2949,node0,node2,100,736359,736378,19
node0_2950,node0,node3,100,736359,736378,19
node0_2951,node0,node4,100,736359,736378,19
node0_2952,node0,node1,100,737102,737120,18
node0_2953,node0,node2,100,737102,737120,18
node0_2954,node0,node3,100,737102,737120,18
node0_2955,node0,node4,100,737102,737120,18
node0_2956,node0,node1,100,737197,737215,18
node0_2957,node0,node2,100,737197,737215,18
node0_2958,node0,node3,100,737197,737215,18
node0_2959,node0,node4,100,737197,737215,18
node0_2960,node0,node1,100,738809,738829,20
node0_2961,node0,node2,100,738809,738829,20
node0_2962,node0,node3,100,738809,738829,20
node0_2963,node0,node4,100,738809,738829,20
node0_2964,node0,node1,100,738898,738916,18
node0_2965,node0,node2,100,738898,738916,18
node0_2966,node0,node3,100,738898,738916,18
node0_2967,node0,node4,100,738898,738916,18
node0_2968,node0,node1,100,738933,738951,18
node0_2969,node0,node2,100,738933,738951,18
node0_2970,node0,node3,100,738933,738951,18
node0_2971,node0,node4,100,738933,738951,18
node0_2972,node0,node1,100,739418,739437,19
node0_2973,node0,node2,100,739418,739437,19
node0_2974,node0,node3,100,739418,739437,19
node0_2975,node0,node4,100,739418,739437,19
node0_2976,node0,node1,100,740737,740756,19
node0_2977,node0,node2,100,740737,740756,19
node0_2978,node0,node3,100,740737,740756,19
node0_2979,node0,node4,100,740737,740756,19
node0_2980,node0,node1,100,741113,741132,19
node0_2981,node0,node2,100,741113,741132,19
node0_2982,node0,node3,100,741113,741132,19
node0_2983,node0,node4,100,741113,741132,19
node0_2984,node0,node1,100,741252,741271,19
node0_2985,node0,node2,100,741252,741271,19
node0_2986,node0,node3,100,741252,741271,19
node0_2987,node0,node4,100,741252,741271,19
node0_2988,node0,node1,100,742835,742855,20
node0_2989,node0,node2,100,742835,742855,20
node0_2990,node0,node3,100,742835,742855,20
node0_2991,node0,node4,100,742835,742855,20
node0_2992,node0,node1,100,744479,744497,18
node0_2993,node0,node2,100,744479,744497,18
node0_2994,node0,node3,100,744479,744497,18
node0_2995,node0,node4,100,744479,744497,18
node0_2996,node0,node1,100,746416,746434,18
node0_2997,node0,node2,100,746416,746434,18
node0_2998,node0,node3,100,746416,746434,18
node0_2999,node0,node4,100,746416,746434,18
node0_3000,node0,node1,100,746778,746797,19
node0_3001,node0,node2,100,746778,746797,19
node0_3002,node0,node3,100,746778,746797,19
node0_3003,node0,node4,100,746778,746797,19
node0_3004,node0,node1,100,747331,747349,18
node0_3005,node0,node2,100,747331,747349,18
node0_3006,node0,node3,100,747331,747349,18
node0_3007,node0,node4,100,747331,747349,18
node0_3008,node0,node1,100,747613,747632,19
node0_3009,node0,node2,100,747613,747632,19
node0_3010,node0,node3,100,747613,747632,19
node0_3011,node0,node4,100,747613,747632,19
node0_3012,node0,node1,100,748428,748448,20
node0_3013,node0,node2,100,748428,748448,20
node0_3014,node0,node3,100,748428,748448,20
node0_3015,node0,node4,100,748428,748448,20
node0_3016,node0,node1,100,748828,748846,18
node0_3017,node0,node2,100,748828,748846,18
node0_3018,node0,node3,100,748828,748846,18
node0_3019,node0,node4,100,748828,748846,18
node0_3020,node0,node1,100,749242,749261,19
node0_3021,node0,node2,100,749242,749261,19
node0_3022,node0,node3,100,749242,749261,19
node0_3023,node0,node4,100,749242,749261,19
node0_3024,node0,node1,100,750772,750791,19
node0_3025,node0,node2,100,750772,750791,19
node0_3026,node0,node3,100,750772,750791,19
node0_3027,node0,node4,100,750772,750791,19
node0_3028,node0,node1,100,753903,753922,19
node0_3029,node0,node2,100,753903,753922,19
node0_3030,node0,node3,100,753903,753922,19
node0_3031,node0,node4,100,753903,753922,19
node0_3032,node0,node1,100,754780,754798,18
node0_3033,node0,node2,100,754780,754798,18
node0_3034,node0,node3,100,754780,754798,18
node0_3035,node0,node4,100,754780,754798,18
node0_3036,node0,node1,100,754891,754910,19
node0_3037,node0,node2,100,754891,754910,19
node0_3038,node0,node3,100,754891,754910,19
node0_3039,node0,node4,100,754891,754910,19
node0_3040,node0,node1,100,755948,755968,20
node0_3041,node0,node2,100,755948,755968,20
node0_3042,node0,node3,100,755948,755968,20
node0_3043,node0,node4,100,755948,755968,20
node0_3044,node0,node1,100,756543,756561,18
node0_3045,node0,node2,100,756543,756561,18
node0_3046,node0,node3,100,756543,756561,18
node0_3047,node0,node4,100,756543,756561,18
node0_3048,node0,node1,100,760969,760988,19
node0_3049,node0,node2,100,760969,760988,19
node0_3050,node0,node3,100,760969,760988,19
node0_3051,node0,node4,100,760969,760988,19
node0_3052,node0,node1,100,762239,762258,19
node0_3053,node0,node2,100,762239,762258,19
node0_3054,node0,node3,100,762239,762258,19
node0_3055,node0,node4,100,762239,762258,19
node0_3056,node0,node1,100,764040,764059,19
node0_3057,node0,node2,100,764040,764059,19
node0_3058,node0,node3,100,764040,764059,19
node0_3059,node0,node4,100,764040,764059,19
node0_3060,node0,node1,100,765248,765266,18
node0_3061,node0,node2,100,765248,765266,18
node0_3062,node0,node3,100,765248,765266,18
node0_3063,node0,node4,100,765248,765266,18
node0_3064,node0,node1,100,766015,766034,19
node0_3065,node0,node2,100,766015,766034,19
node0_3066,node0,node3,100,766015,766034,19
node0_3067,node0,node4,100,766015,766034,19
node0_3068,node0,node1,100,768286,768304,18
node0_3069,node0,node2,100,768286,768304,18
node0_3070,node0,node3,100,768286,768304,18
node0_3071,node0,node4,100,768286,768304,18
node0_3072,node0,node1,100,770068,770087,19
node0_3073,node0,node2,100,770068,770087,19
node0_3074,node0,node3,100,770068,770087,19
node0_3075,node0,node4,100,770068,770087,19
node0_3076,node0,node1,100,770412,770431,19
node0_3077,node0,node2,100,770412,770431,19
node0_3078,node0,node3,100,770412,770431,19
node0_3079,node0,node4,100,770412,770431,19
node0_3080,node0,node1,100,770583,770601,18
node0_3081,node0,node2,100,770583,770601,18
node0_3082,node0,node3,100,770583,770601,18
node0_3083,node0,node4,100,770583,770601,18
node0_3084,node0,node1,100,771046,771065,19
node0_3085,node0,node2,100,771046,771065,19
node0_3086,node0,node3,100,771046,771065,19
node0_3087,node0,node4,100,771046,771065,19
node0_3088,node0,node1,100,771782,771801,19
node0_3089,node0,node2,100,771782,771801,19
node0_3090,node0,node3,100,771782,771801,19
node0_3091,node0,node4,100,771782,771801,19
node0_3092,node0,node1,100,771884,771903,19
node0_3093,node0,node2,100,771884,771903,19
node0_3094,node0,node3,100,771884,771903,19
node0_3095,node0,node4,100,771884,771903,19
node0_3096,node0,node1,100,772308,772326,18
node0_3097,node0,node2,100,772308,772326,18
node0_3098,node0,node3,100,772308,772326,18
node0_3099,node0,node4,100,772308,772326,18
node0_3100,node0,node1,100,773164,773183,19
node0_3101,node0,node2,100,773164,773183,19
node0_3102,node0,node3,100,773164,773183,19
node0_3103,node0,node4,100,773164,773183,19
node0_3104,node0,node1,100,773208,773227,19
node0_3105,node0,node2,100,773208,773227,19
node0_3106,node0,node3,100,773208,773227,19
node0_3107,node0,node4,100,773208,773227,19
node0_3108,node0,node1,100,774895,774913,18
node0_3109,node0,node2,100,774895,774913,18
node0_3110,node0,node3,100,774895,774913,18
node0_3111,node0,node4,100,774895,774913,18
node0_3112,node0,node1,100,775948,775966,18
node0_3113,node0,node2,100,775948,775966,18
node0_3114,node0,node3,100,775948,775966,18
node0_3115,node0,node4,100,775948,775966,18
node0_3116,node0,node1,100,776325,776345,20
node0_3117,node0,node2,100,776325,776345,20
node0_3118,node0,node3,100,776325,776345,20
node0_3119,node0,node4,100,776325,776345,20
node0_3120,node0,node1,100,776679,776698,19
node0_3121,node0,node2,100,776679,776698,19
node0_3122,node0,node3,100,776679,776698,19
node0_3123,node0,node4,100,776679,776698,19
node0_3124,node0,node1,100,777114,777133,19
node0_3125,node0,node2,100,777114,777133,19
node0_3126,node0,node3,100,777114,777133,19
node0_3127,node0,node4,100,777114,777133,19
node0_3128,node0,node1,100,777507,777526,19
node0_3129,node0,node2,100,777507,777526,19
node0_3130,node0,node3,100,777507,777526,19
node0_3131,node0,node4,100,777507,777526,19
node0_3132,node0,node1,100,778888,778907,19
node0_3133,node0,node2,100,778888,778907,19
node0_3134,node0,node3,100,778888,778907,19
node0_3135,node0,node4,100,778888,778907,19
node0_3136,node0,node1,100,779583,779602,19
node0_3137,node0,node2,100,779583,779602,19
node0_3138,node0,node3,100,779583,779602,19
node0_3139,node0,node4,100,779583,779602,19
node0_3140,node0,node1,100,780330,780349,19
node0_3141,node0,node2,100,780330,780349,19
node0_3142,node0,node3,100,780330,780349,19
node0_3143,node0,node4,100,780330,780349,19
node0_3144,node0,node1,100,780491,780511,20
node0_3145,node0,node2,100,780491,780511,20
node0_3146,node0,node3,100,780491,780511,20
node0_3147,node0,node4,100,780491,780511,20
node0_3148,node0,node1,100,782949,782967,18
node0_3149,node0,node2,100,782949,782967,18
node0_3150,node0,node3,100,782949,782967,18
node0_3151,node0,node4,100,782949,782967,18
node0_3152,node0,node1,100,783343,783362,19
node0_3153,node0,node2,100,783343,783362,19
node0_3154,node0,node3,100,783343,783362,19
node0_3155,node0,node4,100,783343,783362,19
node0_3156,node0,node1,100,783740,783760,20
node0_3157,node0,node2,100,783740,783760,20
node0_3158,node0,node3,100,783740,783760,20
node0_3159,node0,node4,100,783740,783760,20
node0_3160,node0,node1,100,783811,783829,18
node0_3161,node0,node2,100,783811,783829,18
node0_3162,node0,node3,100,783811,783829,18
node0_3163,node0,node4,100,783811,783829,18
node0_3164,node0,node1,100,787694,787712,18
node0_3165,node0,node2,100,787694,787712,18
node0_3166,node0,node3,100,787694,787712,18
node0_3167,node0,node4,100,787694,787712,18
node0_3168,node0,node1,100,788347,788366,19
node0_3169,node0,node2,100,788347,788366,19
node0_3170,node0,node3,100,788347,788366,19
node0_3171,node0,node4,100,788347,788366,19
node0_3172,node0,node1,100,790788,790807,19
node0_3173,node0,node2,100,790788,790807,19
node0_3174,node0,node3,100,790788,790807,19
node0_3175,node0,node4,100,790788,790807,19
node0_3176,node0,node1,100,793414,793433,19
node0_3177,node0,node2,100,793414,793433,19
node0_3178,node0,node3,100,793414,793433,19
node0_3179,node0,node4,100,793414,793433,19
node0_3180,node0,node1,100,796912,796931,19
node0_3181,node0,node2,100,796912,796931,19
node0_3182,node0,node3,100,796912,796931,19
node0_3183,node0,node4,100,796912,796931,19
node0_3184,node0,node1,100,798603,798622,19
node0_3185,node0,node2,100,798603,798622,19
node0_3186,node0,node3,100,798603,798622,19
node0_3187,node0,node4,100,798603,798622,19
node0_3188,node0,node1,100,801199,801217,18
node0_3189,node0,node2,100,801199,801217,18
node0_3190,node0,node3,100,801199,801217,18
node0_3191,node0,node4,100,801199,801217,18
node0_3192,node0,node1,100,803754,803774,20
node0_3193,node0,node2,100,803754,803774,20
node0_3194,node0,node3,100,803754,803774,20
node0_3195,node0,node4,100,803754,803774,20
node0_3196,node0,node1,100,805370,805388,18
node0_3197,node0,node2,100,805370,805388,18
node0_3198,node0,node3,100,805370,805388,18
node0_3199,node0,node4,100,805370,805388,18
node0_3200,node0,node1,100,805515,805534,19
node0_3201,node0,node2,100,805515,805534,19
node0_3202,node0,node3,100,805515,805534,19
node0_3203,node0,node4,100,805515,805534,19
node0_3204,node0,node1,100,806256,806274,18
node0_3205,node0,node2,100,806256,806274,18
node0_3206,node0,node3,100,806256,806274,18
node0_3207,node0,node4,100,806256,806274,18
node0_3208,node0,node1,100,807114,807134,20
node0_3209,node0,node2,100,807114,807134,20
node0_3210,node0,node3,100,807114,807134,20
node0_3211,node0,node4,100,807114,807134,20
node0_3212,node0,node1,100,812006,812024,18
node0_3213,node0,node2,100,812006,812024,18
node0_3214,node0,node3,100,812006,812024,18
node0_3215,node0,node4,100,812006,812024,18
node0_3216,node0,node1,100,813538,813556,18
node0_3217,node0,node2,100,813538,813556,18
node0_3218,node0,node3,100,813538,813556,18
node0_3219,node0,node4,100,813538,813556,18
node0_3220,node0,node1,100,814752,814771,19
node0_3221,node0,node2,100,814752,814771,19
node0_3222,node0,node3,100,814752,814771,19
node0_3223,node0,node4,100,814752,814771,19
node0_3224,node0,node1,100,816125,816144,19
node0_3225,node0,node2,100,816125,816144,19
node0_3226,node0,node3,100,816125,816144,19
node0_3227,node0,node4,100,816125,816144,19
node0_3228,node0,node1,100,816574,816593,19
node0_3229,node0,node2,100,816574,816593,19
node0_3230,node0,node3,100,816574,816593,19
node0_3231,node0,node4,100,816574,816593,19
node0_3232,node0,node1,100,819426,819445,19
node0_3233,node0,node2,100,819426,819445,19
node0_3234,node0,node3,100,819426,819445,19
node0_3235,node0,node4,100,819426,819445,19
node0_3236,node0,node1,100,820458,820477,19
node0_3237,node0,node2,100,820458,820477,19
node0_3238,node0,node3,100,820458,820477,19
node0_3239,node0,node4,100,820458,820477,19
node0_3240,node0,node1,100,820973,820991,18
node0_3241,node0,node2,100,820973,820991,18
node0_3242,node0,node3,100,820973,820991,18
node0_3243,node0,node4,100,820973,820991,18
node0_3244,node0,node1,100,821598,821618,20
node0_3245,node0,node2,100,821598,821618,20
node0_3246,node0,node3,100,821598,821618,20
node0_3247,node0,node4,100,821598,821618,20
node0_3248,node0,node1,100,825498,825517,19
node0_3249,node0,node2,100,825498,825517,19
node0_3250,node0,node3,100,825498,825517,19
node0_3251,node0,node4,100,825498,825517,19
node0_3252,node0,node1,100,826257,826275,18
node0_3253,node0,node2,100,826257,826275,18
node0_3254,node0,node3,100,826257,826275,18
node0_3255,node0,node4,100,826257,826275,18
node0_3256,node0,node1,100,826441,826460,19
node0_3257,node0,node2,100,826441,826460,19
node0_3258,node0,node3,100,826441,826460,19
node0_3259,node0,node4,100,826441,826460,19
node0_3260,node0,node1,100,826601,826620,19
node0_3261,node0,node2,100,826601,826620,19
node0_3262,node0,node3,100,826601,826620,19
node0_3263,node0,node4,100,826601,826620,19
node0_3264,node0,node1,100,827764,827783,19
node0_3265,node0,node2,100,827764,827783,19
node0_3266,node0,node3,100,827764,827783,19
node0_3267,node0,node4,100,827764,827783,19
node0_3268,node0,node1,100,828591,828609,18
node0_3269,node0,node2,100,828591,828609,18
node0_3270,node0,node3,100,828591,828609,18
node0_3271,node0,node4,100,828591,828609,18
node0_3272,node0,node1,100,830964,830983,19
node0_3273,node0,node2,100,830964,830983,19
node0_3274,node0,node3,100,830964,830983,19
node0_3275,node0,node4,100,830964,830983,19
node0_3276,node0,node1,100,831168,831186,18
node0_3277,node0,node2,100,831168,831186,18
node0_3278,node0,node3,100,831168,831186,18
node0_3279,node0,node4,100,831168,831186,18
node0_3280,node0,node1,100,831698,831717,19
node0_3281,node0,node2,100,831698,831717,19
node0_3282,node0,node3,100,831698,831717,19
node0_3283,node0,node4,100,831698,831717,19
node0_3284,node0,node1,100,832999,833018,19
node0_3285,node0,node2,100,832999,833018,19
node0_3286,node0,node3,100,832999,833018,19
node0_3287,node0,node4,100,832999,833018,19
node0_3288,node0,node1,100,833051,833070,19
node0_3289,node0,node2,100,833051,833070,19
node0_3290,node0,node3,100,833051,833070,19
node0_3291,node0,node4,100,833051,833070,19
node0_3292,node0,node1,100,833155,833173,18
node0_3293,node0,node2,100,833155,833173,18
node0_3294,node0,node3,100,833155,833173,18
node0_3295,node0,node4,100,833155,833173,18
node0_3296,node0,node1,100,833944,833963,19
node0_3297,node0,node2,100,833944,833963,19
node0_3298,node0,node3,100,833944,833963,19
node0_3299,node0,node4,100,833944,833963,19
node0_3300,node0,node1,100,834253,834271,18
node0_3301,node0,node2,100,834253,834271,18
node0_3302,node0,node3,100,834253,834271,18
node0_3303,node0,node4,100,834253,834271,18
node0_3304,node0,node1,100,834366,834384,18
node0_3305,node0,node2,100,834366,834384,18
node0_3306,node0,node3,100,834366,834384,18
node0_3307,node0,node4,100,834366,834384,18
node0_3308,node0,node1,100,834670,834689,19
node0_3309,node0,node2,100,834670,834689,19
node0_3310,node0,node3,100,834670,834689,19
node0_3311,node0,node4,100,834670,834689,19
node0_3312,node0,node1,100,835670,835690,20
node0_3313,node0,node2,100,835670,835690,20
node0_3314,node0,node3,100,835670,835690,20
node0_3315,node0,node4,100,835670,835690,20
node0_3316,node0,node1,100,836417,836435,18
node0_3317,node0,node2,100,836417,836435,18
node0_3318,node0,node3,100,836417,836435,18
node0_3319,node0,node4,100,836417,836435,18
node0_3320,node0,node1,100,836499,836518,19
node0_3321,node0,node2,100,836499,836518,19
node0_3322,node0,node3,100,836499,836518,19
node0_3323,node0,node4,100,836499,836518,19
node0_3324,node0,node1,100,836575,836595,20
node0_3325,node0,node2,100,836575,836595,20
node0_3326,node0,node3,100,836575,836595,20
node0_3327,node0,node4,100,836575,836595,20
node0_3328,node0,node1,100,838476,838495,19
node0_3329,node0,node2,100,838476,838495,19
node0_3330,node0,node3,100,838476,838495,19
node0_3331,node0,node4,100,838476,838495,19
node0_3332,node0,node1,100,839507,839526,19
node0_3333,node0,node2,100,839507,839526,19
node0_3334,node0,node3,100,839507,839526,19
node0_3335,node0,node4,100,839507,839526,19
node0_3336,node0,node1,100,839697,839717,20
node0_3337,node0,node2,100,839697,839717,20
node0_3338,node0,node3,100,839697,839717,20
node0_3339,node0,node4,100,839697,839717,20
node0_3340,node0,node1,100,841676,841694,18
node0_3341,node0,node2,100,841676,841694,18
node0_3342,node0,node3,100,841676,841694,18
node0_3343,node0,node4,100,841676,841694,18
node0_3344,node0,node1,100,841698,841716,18
node0_3345,node0,node2,100,841698,841716,18
node0_3346,node0,node3,100,841698,841716,18
node0_3347,node0,node4,100,841698,841716,18
node0_3348,node0,node1,100,842157,842176,19
node0_3349,node0,node2,100,842157,842176,19
node0_3350,node0,node3,100,842157,842176,19
node0_3351,node0,node4,100,842157,842176,19
node0_3352,node0,node1,100,844039,844058,19
node0_3353,node0,node2,100,844039,844058,19
node0_3354,node0,node3,100,844039,844058,19
node0_3355,node0,node4,100,844039,844058,19
node0_3356,node0,node1,100,845278,845297,19
node0_3357,node0,node2,100,845278,845297,19
node0_3358,node0,node3,100,845278,845297,19
node0_3359,node0,node4,100,845278,845297,19
node0_3360,node0,node1,100,845611,845630,19
node0_3361,node0,node2,100,845611,845630,19
node0_3362,node0,node3,100,845611,845630,19
node0_3363,node0,node4,100,845611,845630,19
node0_3364,node0,node1,100,847830,847848,18
node0_3365,node0,node2,100,847830,847848,18
node0_3366,node0,node3,100,847830,847848,18
node0_3367,node0,node4,100,847830,847848,18
node0_3368,node0,node1,100,848742,848761,19
node0_3369,node0,node2,100,848742,848761,19
node0_3370,node0,node3,100,848742,848761,19
node0_3371,node0,node4,100,848742,848761,19
node0_3372,node0,node1,100,850748,850767,19
node0_3373,node0,node2,100,850748,850767,19
node0_3374,node0,node3,100,850748,850767,19
node0_3375,node0,node4,100,850748,850767,19
node0_3376,node0,node1,100,852981,853001,20
node0_3377,node0,node2,100,852981,853001,20
node0_3378,node0,node3,100,852981,853001,20
node0_3379,node0,node4,100,852981,853001,20
node0_3380,node0,node1,100,853535,853553,18
node0_3381,node0,node2,100,853535,853553,18
node0_3382,node0,node3,100,853535,853553,18
node0_3383,node0,node4,100,853535,853553,18
node0_3384,node0,node1,100,854661,854680,19
node0_3385,node0,node2,100,854661,854680,19
node0_3386,node0,node3,100,854661,854680,19
node0_3387,node0,node4,100,854661,854680,19
node0_3388,node0,node1,100,855447,855466,19
node0_3389,node0,node2,100,855447,855466,19
node0_3390,node0,node3,100,855447,855466,19
node0_3391,node0,node4,100,855447,855466,19
node0_3392,node0,node1,100,858343,858362,19
node0_3393,node0,node2,100,858343,858362,19
node0_3394,node0,node3,100,858343,858362,19
node0_3395,node0,node4,100,858343,858362,19
node0_3396,node0,node1,100,859943,859961,18
node0_3397,node0,node2,100,859943,859961,18
node0_3398,node0,node3,100,859943,859961,18
node0_3399,node0,node4,100,859943,859961,18
node0_3400,node0,node1,100,861237,861256,19
node0_3401,node0,node2,100,861237,861256,19
node0_3402,node0,node3,100,861237,861256,19
node0_3403,node0,node4,100,861237,861256,19
node0_3404,node0,node1,100,862919,862937,18
node0_3405,node0,node2,100,862919,862937,18
node0_3406,node0,node3,100,862919,862937,18
node0_3407,node0,node4,100,862919,862937,18
node0_3408,node0,node1,100,869217,869235,18
node0_3409,node0,node2,100,869217,869235,18
node0_3410,node0,node3,100,869217,869235,18
node0_3411,node0,node4,100,869217,869235,18
node0_3412,node0,node1,100,869514,869534,20
node0_3413,node0,node2,100,869514,869534,20
node0_3414,node0,node3,100,869514,869534,20
node0_3415,node0,node4,100,869514,869534,20
node0_3416,node0,node1,100,869739,869758,19
node0_3417,node0,node2,100,869739,869758,19
node0_3418,node0,node3,100,869739,869758,19
node0_3419,node0,node4,100,869739,869758,19
node0_3420,node0,node1,100,871112,871130,18
node0_3421,node0,node2,100,871112,871130,18
node0_3422,node0,node3,100,871112,871130,18
node0_3423,node0,node4,100,871112,871130,18
node0_3424,node0,node1,100,872583,872601,18
node0_3425,node0,node2,100,872583,872601,18
node0_3426,node0,node3,100,872583,872601,18
node0_3427,node0,node4,100,872583,872601,18
node0_3428,node0,node1,100,873305,873324,19
node0_3429,node0,node2,100,873305,873324,19
node0_3430,node0,node3,100,873305,873324,19
node0_3431,node0,node4,100,873305,873324,19
node0_3432,node0,node1,100,873973,873992,19
node0_3433,node0,node2,100,873973,873992,19
node0_3434,node0,node3,100,873973,873992,19
node0_3435,node0,node4,100,873973,873992,19
node0_3436,node0,node1,100,874490,874508,18
node0_3437,node0,node2,100,874490,874508,18
node0_3438,node0,node3,100,874490,874508,18
node0_3439,node0,node4,100,874490,874508,18
node0_3440,node0,node1,100,876633,876652,19
node0_3441,node0,node2,100,876633,876652,19
node0_3442,node0,node3,100,876633,876652,19
node0_3443,node0,node4,100,876633,876652,19
node0_3444,node0,node1,100,878224,878243,19
node0_3445,node0,node2,100,878224,878243,19
node0_3446,node0,node3,100,878224,878243,19
node0_3447,node0,node4,100,878224,878243,19
node0_3448,node0,node1,100,879102,879120,18
node0_3449,node0,node2,100,879102,879120,18
node0_3450,node0,node3,100,879102,879120,18
node0_3451,node0,node4,100,879102,879120,18
node0_3452,node0,node1,100,879143,879162,19
node0_3453,node0,node2,100,879143,879162,19
node0_3454,node0,node3,100,879143,879162,19
node0_3455,node0,node4,100,879143,879162,19
node0_3456,node0,node1,100,881048,881066,18
node0_3457,node0,node2,100,881048,881066,18
node0_3458,node0,node3,100,881048,881066,18
node0_3459,node0,node4,100,881048,881066,18
node0_3460,node0,node1,100,881661,881679,18
node0_3461,node0,node2,100,881661,881679,18
node0_3462,node0,node3,100,881661,881679,18
node0_3463,node0,node4,100,881661,881679,18
node0_3464,node0,node1,100,881872,881892,20
node0_3465,node0,node2,100,881872,881892,20
node0_3466,node0,node3,100,881872,881892,20
node0_3467,node0,node4,100,881872,881892,20
node0_3468,node0,node1,100,882228,882247,19
node0_3469,node0,node2,100,882228,882247,19
node0_3470,node0,node3,100,882228,882247,19
node0_3471,node0,node4,100,882228,882247,19
node0_3472,node0,node1,100,883403,883421,18
node0_3473,node0,node2,100,883403,883421,18
node0_3474,node0,node3,100,883403,883421,18
node0_3475,node0,node4,100,883403,883421,18
node0_3476,node0,node1,100,883421,883440,19
node0_3477,node0,node2,100,883421,883440,19
node0_3478,node0,node3,100,883421,883440,19
node0_3479,node0,node4,100,883421,883440,19
node0_3480,node0,node1,100,883536,883555,19
node0_3481,node0,node2,100,883536,883555,19
node0_3482,node0,node3,100,883536,883555,19
node0_3483,node0,node4,100,883536,883555,19
node0_3484,node0,node1,100,883897,883916,19
node0_3485,node0,node2,100,883897,883916,19
node0_3486,node0,node3,100,883897,883916,19
node0_3487,node0,node4,100,883897,883916,19
node0_3488,node0,node1,100,886079,886098,19
node0_3489,node0,node2,100,886079,886098,19
node0_3490,node0,node3,100,886079,886098,19
node0_3491,node0,node4,100,886079,886098,19
node0_3492,node0,node1,100,887453,887473,20
node0_3493,node0,node2,100,887453,887473,20
node0_3494,node0,node3,100,887453,887473,20
node0_3495,node0,node4,100,887453,887473,20
node0_3496,node0,node1,100,890986,891004,18
node0_3497,node0,node2,100,890986,891004,18
node0_3498,node0,node3,100,890986,891004,18
node0_3499,node0,node4,100,890986,891004,18
node0_3500,node0,node1,100,891769,891787,18
node0_3501,node0,node2,100,891769,891787,18
node0_3502,node0,node3,100,891769,891787,18
node0_3503,node0,node4,100,891769,891787,18
node0_3504,node0,node1,100,892618,892638,20
node0_3505,node0,node2,100,892618,892638,20
node0_3506,node0,node3,100,892618,892638,20
node0_3507,node0,node4,100,892618,892638,20
node0_3508,node0,node1,100,893419,893437,18
node0_3509,node0,node2,100,893419,893437,18
node0_3510,node0,node3,100,893419,893437,18
node0_3511,node0,node4,100,893419,893437,18
node0_3512,node0,node1,100,894165,894183,18
node0_3513,node0,node2,100,894165,894183,18
node0_3514,node0,node3,100,894165,894183,18
node0_3515,node0,node4,100,894165,894183,18
node0_3516,node0,node1,100,894946,894965,19
node0_3517,node0,node2,100,894946,894965,19
node0_3518,node0,node3,100,894946,894965,19
node0_3519,node0,node4,100,894946,894965,19
node0_3520,node0,node1,100,896653,896672,19
node0_3521,node0,node2,100,896653,896672,19
node0_3522,node0,node3,100,896653,896672,19
node0_3523,node0,node4,100,896653,896672,19
node0_3524,node0,node1,100,899718,899736,18
node0_3525,node0,node2,100,899718,899736,18
node0_3526,node0,node3,100,899718,899736,18
node0_3527,node0,node4,100,899718,899736,18
node0_3528,node0,node1,100,900243,900262,19
node0_3529,node0,node2,100,900243,900262,19
node0_3530,node0,node3,100,900243,900262,19
node0_3531,node0,node4,100,900243,900262,19
node0_3532,node0,node1,100,901237,901255,18
node0_3533,node0,node2,100,901237,901255,18
node0_3534,node0,node3,100,901237,901255,18
node0_3535,node0,node4,100,901237,901255,18
node0_3536,node0,node1,100,901605,901623,18
node0_3537,node0,node2,100,901605,901623,18
node0_3538,node0,node3,100,901605,901623,18
node0_3539,node0,node4,100,901605,901623,18
node0_3540,node0,node1,100,901965,901984,19
node0_3541,node0,node2,100,901965,901984,19
node0_3542,node0,node3,100,901965,901984,19
node0_3543,node0,node4,100,901965,901984,19
node0_3544,node0,node1,100,902670,902689,19
node0_3545,node0,node2,100,902670,902689,19
node0_3546,node0,node3,100,902670,902689,19
node0_3547,node0,node4,100,902670,902689,19
node0_3548,node0,node1,100,903553,903572,19
node0_3549,node0,node2,100,903553,903572,19
node0_3550,node0,node3,100,903553,903572,19
node0_3551,node0,node4,100,903553,903572,19
node0_3552,node0,node1,100,904351,904369,18
node0_3553,node0,node2,100,904351,904369,18
node0_3554,node0,node3,100,904351,904369,18
node0_3555,node0,node4,100,904351,904369,18
node0_3556,node0,node1,100,908106,908126,20
node0_3557,node0,node2,100,908106,908126,20
node0_3558,node0,node3,100,908106,908126,20
node0_3559,node0,node4,100,908106,908126,20
node0_3560,node0,node1,100,908284,908303,19
node0_3561,node0,node2,100,908284,908303,19
node0_3562,node0,node3,100,908284,908303,19
node0_3563,node0,node4,100,908284,908303,19
node0_3564,node0,node1,100,909296,909315,19
node0_3565,node0,node2,100,909296,909315,19
node0_3566,node0,node3,100,909296,909315,19
node0_3567,node0,node4,100,909296,909315,19
node0_3568,node0,node1,100,914505,914525,20
node0_3569,node0,node2,100,914505,914525,20
node0_3570,node0,node3,100,914505,914525,20
node0_3571,node0,node4,100,914505,914525,20
node0_3572,node0,node1,100,915837,915856,19
node0_3573,node0,node2,100,915837,915856,19
node0_3574,node0,node3,100,915837,915856,19
node0_3575,node0,node4,100,915837,915856,19
node0_3576,node0,node1,100,916671,916689,18
node0_3577,node0,node2,100,916671,916689,18
node0_3578,node0,node3,100,916671,916689,18
node0_3579,node0,node4,100,916671,916689,18
node0_3580,node0,node1,100,917131,917151,20
node0_3581,node0,node2,100,917131,917151,20
node0_3582,node0,node3,100,917131,917151,20
node0_3583,node0,node4,100,917131,917151,20
node0_3584,node0,node1,100,917645,917663,18
node0_3585,node0,node2,100,917645,917663,18
node0_3586,node0,node3,100,917645,917663,18
node0_3587,node0,node4,100,917645,917663,18
node0_3588,node0,node1,100,920402,920420,18
node0_3589,node0,node2,100,920402,920420,18
node0_3590,node0,node3,100,920402,920420,18
node0_3591,node0,node4,100,920402,920420,18
node0_3592,node0,node1,100,922659,922677,18
node0_3593,node0,node2,100,922659,922677,18
node0_3594,node0,node3,100,922659,922677,18
node0_3595,node0,node4,100,922659,922677,18
node0_3596,node0,node1,100,923767,923787,20
node0_3597,node0,node2,100,923767,923787,20
node0_3598,node0,node3,100,923767,923787,20
node0_3599,node0,node4,100,923767,923787,20
node0_3600,node0,node1,100,926057,926075,18
node0_3601,node0,node2,100,926057,926075,18
node0_3602,node0,node3,100,926057,926075,18
node0_3603,node0,node4,100,926057,926075,18
node0_3604,node0,node1,100,928650,928669,19
node0_3605,node0,node2,100,928650,928669,19
node0_3606,node0,node3,100,928650,928669,19
node0_3607,node0,node4,100,928650,928669,19
node0_3608,node0,node1,100,930523,930543,20
node0_3609,node0,node2,100,930523,930543,20
node0_3610,node0,node3,100,930523,930543,20
node0_3611,node0,node4,100,930523,930543,20
node0_3612,node0,node1,100,931006,931024,18
node0_3613,node0,node2,100,931006,931024,18
node0_3614,node0,node3,100,931006,931024,18
node0_3615,node0,node4,100,931006,931024,18
node0_3616,node0,node1,100,931630,931648,18
node0_3617,node0,node2,100,931630,931648,18
node0_3618,node0,node3,100,931630,931648,18
node0_3619,node0,node4,100,931630,931648,18
node0_3620,node0,node1,100,933220,933240,20
node0_3621,node0,node2,100,933220,933240,20
node0_3622,node0,node3,100,933220,933240,20
node0_3623,node0,node4,100,933220,933240,20
node0_3624,node0,node1,100,933686,933705,19
node0_3625,node0,node2,100,933686,933705,19
node0_3626,node0,node3,100,933686,933705,19
node0_3627,node0,node4,100,933686,933705,19
node0_3628,node0,node1,100,935070,935089,19
node0_3629,node0,node2,100,935070,935089,19
node0_3630,node0,node3,100,935070,935089,19
node0_3631,node0,node4,100,935070,935089,19
node0_3632,node0,node1,100,935726,935745,19
node0_3633,node0,node2,100,935726,935745,19
node0_3634,node0,node3,100,935726,935745,19
node0_3635,node0,node4,100,935726,935745,19
node0_3636,node0,node1,100,936137,936156,19
node0_3637,node0,node2,100,936137,936156,19
node0_3638,node0,node3,100,936137,936156,19
node0_3639,node0,node4,100,936137,936156,19
node0_3640,node0,node1,100,936746,936765,19
node0_3641,node0,node2,100,936746,936765,19
node0_3642,node0,node3,100,936746,936765,19
node0_3643,node0,node4,100,936746,936765,19
node0_3644,node0,node1,100,936870,936889,19
node0_3645,node0,node2,100,936870,936889,19
node0_3646,node0,node3,100,936870,936889,19
node0_3647,node0,node4,100,936870,936889,19
node0_3648,node0,node1,100,937307,937326,19
node0_3649,node0,node2,100,937307,937326,19
node0_3650,node0,node3,100,937307,937326,19
node0_3651,node0,node4,100,937307,937326,19
node0_3652,node0,node1,100,937844,937863,19
node0_3653,node0,node2,100,937844,937863,19
node0_3654,node0,node3,100,937844,937863,19
node0_3655,node0,node4,100,937844,937863,19
node0_3656,node0,node1,100,937863,937882,19
node0_3657,node0,node2,100,937863,937882,19
node0_3658,node0,node3,100,937863,937882,19
node0_3659,node0,node4,100,937863,937882,19
node0_3660,node0,node1,100,938051,938071,20
node0_3661,node0,node2,100,938051,938071,20
node0_3662,node0,node3,100,938051,938071,20
node0_3663,node0,node4,100,938051,938071,20
node0_3664,node0,node1,100,938352,938370,18
node0_3665,node0,node2,100,938352,938370,18
node0_3666,node0,node3,100,938352,938370,18
node0_3667,node0,node4,100,938352,938370,18
node0_3668,node0,node1,100,940303,940321,18
node0_3669,node0,node2,100,940303,940321,18
node0_3670,node0,node3,100,940303,940321,18
node0_3671,node0,node4,100,940303,940321,18
node0_3672,node0,node1,100,941194,941214,20
node0_3673,node0,node2,100,941194,941214,20
node0_3674,node0,node3,100,941194,941214,20
node0_3675,node0,node4,100,941194,941214,20
node0_3676,node0,node1,100,941532,941550,18
node0_3677,node0,node2,100,941532,941550,18
node0_3678,node0,node3,100,941532,941550,18
node0_3679,node0,node4,100,941532,941550,18
node0_3680,node0,node1,100,947619,947638,19
node0_3681,node0,node2,100,947619,947638,19
node0_3682,node0,node3,100,947619,947638,19
node0_3683,node0,node4,100,947619,947638,19
node0_3684,node0,node1,100,947917,947936,19
node0_3685,node0,node2,100,947917,947936,19
node0_3686,node0,node3,100,947917,947936,19
node0_3687,node0,node4,100,947917,947936,19
node0_3688,node0,node1,100,948638,948656,18
node0_3689,node0,node2,100,948638,948656,18
node0_3690,node0,node3,100,948638,948656,18
node0_3691,node0,node4,100,948638,948656,18
node0_3692,node0,node1,100,949984,950003,19
node0_3693,node0,node2,100,949984,950003,19
node0_3694,node0,node3,100,949984,950003,19
node0_3695,node0,node4,100,949984,950003,19
node0_3696,node0,node1,100,951159,951178,19
node0_3697,node0,node2,100,951159,951178,19
node0_3698,node0,node3,100,951159,951178,19
node0_3699,node0,node4,100,951159,951178,19
node0_3700,node0,node1,100,951727,951745,18
node0_3701,node0,node2,100,951727,951745,18
node0_3702,node0,node3,100,951727,951745,18
node0_3703,node0,node4,100,951727,951745,18
node0_3704,node0,node1,100,953228,953247,19
node0_3705,node0,node2,100,953228,953247,19
node0_3706,node0,node3,100,953228,953247,19
node0_3707,node0,node4,100,953228,953247,19
node0_3708,node0,node1,100,953893,953911,18
node0_3709,node0,node2,100,953893,953911,18
node0_3710,node0,node3,100,953893,953911,18
node0_3711,node0,node4,100,953893,953911,18
node0_3712,node0,node1,100,955150,955170,20
node0_3713,node0,node2,100,955150,955170,20
node0_3714,node0,node3,100,955150,955170,20
node0_3715,node0,node4,100,955150,955170,20
node0_3716,node0,node1,100,955826,955844,18
node0_3717,node0,node2,100,955826,955844,18
node0_3718,node0,node3,100,955826,955844,18
node0_3719,node0,node4,100,955826,955844,18
node0_3720,node0,node1,100,959384,959403,19
node0_3721,node0,node2,100,959384,959403,19
node0_3722,node0,node3,100,959384,959403,19
node0_3723,node0,node4,100,959384,959403,19
node0_3724,node0,node1,100,960643,960662,19
node0_3725,node0,node2,100,960643,960662,19
node0_3726,node0,node3,100,960643,960662,19
node0_3727,node0,node4,100,960643,960662,19
node0_3728,node0,node1,100,960739,960758,19
node0_3729,node0,node2,100,960739,960758,19
node0_3730,node0,node3,100,960739,960758,19
node0_3731,node0,node4,100,960739,960758,19
node0_3732,node0,node1,100,960878,960897,19
node0_3733,node0,node2,100,960878,960897,19
node0_3734,node0,node3,100,960878,960897,19
node0_3735,node0,node4,100,960878,960897,19
node0_3736,node0,node1,100,964274,964293,19
node0_3737,node0,node2,100,964274,964293,19
node0_3738,node0,node3,100,964274,964293,19
node0_3739,node0,node4,100,964274,964293,19
node0_3740,node0,node1,100,964535,964554,19
node0_3741,node0,node2,100,964535,964554,19
node0_3742,node0,node3,100,964535,964554,19
node0_3743,node0,node4,100,964535,964554,19
node0_3744,node0,node1,100,964561,964579,18
node0_3745,node0,node2,100,964561,964579,18
node0_3746,node0,node3,100,964561,964579,18
node0_3747,node0,node4,100,964561,964579,18
node0_3748,node0,node1,100,964853,964872,19
node0_3749,node0,node2,100,964853,964872,19
node0_3750,node0,node3,100,964853,964872,19
node0_3751,node0,node4,100,964853,964872,19
node0_3752,node0,node1,100,965507,965526,19
node0_3753,node0,node2,100,965507,965526,19
node0_3754,node0,node3,100,965507,965526,19
node0_3755,node0,node4,100,965507,965526,19
node0_3756,node0,node1,100,968547,968566,19
node0_3757,node0,node2,100,968547,968566,19
node0_3758,node0,node3,100,968547,968566,19
node0_3759,node0,node4,100,968547,968566,19
node0_3760,node0,node1,100,969056,969074,18
node0_3761,node0,node2,100,969056,969074,18
node0_3762,node0,node3,100,969056,969074,18
node0_3763,node0,node4,100,969056,969074,18
node0_3764,node0,node1,100,970342,970362,20
node0_3765,node0,node2,100,970342,970362,20
node0_3766,node0,node3,100,970342,970362,20
node0_3767,node0,node4,100,970342,970362,20
node0_3768,node0,node1,100,972140,972159,19
node0_3769,node0,node2,100,972140,972159,19
node0_3770,node0,node3,100,972140,972159,19
node0_3771,node0,node4,100,972140,972159,19
node0_3772,node0,node1,100,972233,972252,19
node0_3773,node0,node2,100,972233,972252,19
node0_3774,node0,node3,100,972233,972252,19
node0_3775,node0,node4,100,972233,972252,19
node0_3776,node0,node1,100,973179,973198,19
node0_3777,node0,node2,100,973179,973198,19
node0_3778,node0,node3,100,973179,973198,19
node0_3779,node0,node4,100,973179,973198,19
node0_3780,node0,node1,100,978648,978666,18
node0_3781,node0,node2,100,978648,978666,18
node0_3782,node0,node3,100,978648,978666,18
node0_3783,node0,node4,100,978648,978666,18
node0_3784,node0,node1,100,979446,979465,19
node0_3785,node0,node2,100,979446,979465,19
node0_3786,node0,node3,100,979446,979465,19
node0_3787,node0,node4,100,979446,979465,19
node0_3788,node0,node1,100,980211,980231,20
node0_3789,node0,node2,100,980211,980231,20
node0_3790,node0,node3,100,980211,980231,20
node0_3791,node0,node4,100,980211,980231,20
node0_3792,node0,node1,100,980636,980654,18
node0_3793,node0,node2,100,980636,980654,18
node0_3794,node0,node3,100,980636,980654,18
node0_3795,node0,node4,100,980636,980654,18
node0_3796,node0,node1,100,983557,983575,18
node0_3797,node0,node2,100,983557,983575,18
node0_3798,node0,node3,100,983557,983575,18
node0_3799,node0,node4,100,983557,983575,18
node0_3800,node0,node1,100,987050,987069,19
node0_3801,node0,node2,100,987050,987069,19
node0_3802,node0,node3,100,987050,987069,19
node0_3803,node0,node4,100,987050,987069,19
node0_3804,node0,node1,100,987159,987177,18
node0_3805,node0,node2,100,987159,987177,18
node0_3806,node0,node3,100,987159,987177,18
node0_3807,node0,node4,100,987159,987177,18
node0_3808,node0,node1,100,987964,987982,18
node0_3809,node0,node2,100,987964,987982,18
node0_3810,node0,node3,100,987964,987982,18
node0_3811,node0,node4,100,987964,987982,18
node0_3812,node0,node1,100,988508,988526,18
node0_3813,node0,node2,100,988508,988526,18
node0_3814,node0,node3,100,988508,988526,18
node0_3815,node0,node4,100,988508,988526,18
node0_3816,node0,node1,100,989622,989642,20
node0_3817,node0,node2,100,989622,989642,20
node0_3818,node0,node3,100,989622,989642,20
node0_3819,node0,node4,100,989622,989642,20
node0_3820,node0,node1,100,989748,989766,18
node0_3821,node0,node2,100,989748,989766,18
node0_3822,node0,node3,100,989748,989766,18
node0_3823,node0,node4,100,989748,989766,18
node0_3824,node0,node1,100,990056,990074,18
node0_3825,node0,node2,100,990056,990074,18
node0_3826,node0,node3,100,990056,990074,18
node0_3827,node0,node4,100,990056,990074,18
node0_3828,node0,node1,100,990383,990402,19
node0_3829,node0,node2,100,990383,990402,19
node0_3830,node0,node3,100,990383,990402,19
node0_3831,node0,node4,100,990383,990402,19
node0_3832,node0,node1,100,991037,991056,19
node0_3833,node0,node2,100,991037,991056,19
node0_3834,node0,node3,100,991037,991056,19
node0_3835,node0,node4,100,991037,991056,19
node0_3836,node0,node1,100,992613,992632,19
node0_3837,node0,node2,100,992613,992632,19
node0_3838,node0,node3,100,992613,992632,19
node0_3839,node0,node4,100,992613,992632,19
node0_3840,node0,node1,100,994564,994584,20
node0_3841,node0,node2,100,994564,994584,20
node0_3842,node0,node3,100,994564,994584,20
node0_3843,node0,node4,100,994564,994584,20
node0_3844,node0,node1,100,996108,996127,19
node0_3845,node0,node2,100,996108,996127,19
node0_3846,node0,node3,100,996108,996127,19
node0_3847,node0,node4,100,996108,996127,19
node0_3848,node0,node1,100,997237,997255,18
node0_3849,node0,node2,100,997237,997255,18
node0_3850,node0,node3,100,997237,997255,18
node0_3851,node0,node4,100,997237,997255,18
node0_3852,node0,node1,100,997328,997347,19
node0_3853,node0,node2,100,997328,997347,19
node0_3854,node0,node3,100,997328,997347,19
node0_3855,node0,node4,100,997328,997347,19
node0_3856,node0,node1,100,997822,997840,18
node0_3857,node0,node2,100,997822,997840,18
node0_3858,node0,node3,100,997822,997840,18
node0_3859,node0,node4,100,997822,997840,18
node0_3860,node0,node1,100,998927,998946,19
node0_3861,node0,node2,100,998927,998946,19
node0_3862,node0,node3,100,998927,998946,19
node0_3863,node0,node4,100,998927,998946,19
node0_3864,node0,node1,100,999275,999294,19
node0_3865,node0,node2,100,999275,999294,19
node0_3866,node0,node3,100,999275,999294,19
node0_3867,node0,node4,100,999275,999294,19
node0_3868,node0,node1,100,999984,1000002,18
node0_3869,node0,node2,100,999984,1000002,18
node0_3870,node0,node3,100,999984,1000002,18
node0_3871,node0,node4,100,999984,1000002,18
node0_3872,node0,node1,100,1002339,1002357,18
node0_3873,node0,node2,100,1002339,1002357,18
node0_3874,node0,node3,100,1002339,1002357,18
node0_3875,node0,node4,100,1002339,1002357,18
node0_3876,node0,node1,100,1002462,1002480,18
node0_3877,node0,node2,100,1002462,1002480,18
node0_3878,node0,node3,100,1002462,1002480,18
node0_3879,node0,node4,100,1002462,1002480,18
node0_3880,node0,node1,100,1004386,1004406,20
node0_3881,node0,node2,100,1004386,1004406,20
node0_3882,node0,node3,100,1004386,1004406,20
node0_3883,node0,node4,100,1004386,1004406,20
node0_3884,node0,node1,100,1004498,1004517,19
node0_3885,node0,node2,100,1004498,1004517,19
node0_3886,node0,node3,100,1004498,1004517,19
node0_3887,node0,node4,100,1004498,1004517,19
node0_3888,node0,node1,100,1004986,1005005,19
node0_3889,node0,node2,100,1004986,1005005,19
node0_3890,node0,node3,100,1004986,1005005,19
node0_3891,node0,node4,100,1004986,1005005,19
node0_3892,node0,node1,100,1007344,1007364,20
node0_3893,node0,node2,100,1007344,1007364,20
node0_3894,node0,node3,100,1007344,1007364,20
node0_3895,node0,node4,100,1007344,1007364,20
node0_3896,node0,node1,100,1007569,1007588,19
node0_3897,node0,node2,100,1007569,1007588,19
node0_3898,node0,node3,100,1007569,1007588,19
node0_3899,node0,node4,100,1007569,1007588,19
node0_3900,node0,node1,100,1008304,1008322,18
node0_3901,node0,node2,100,1008304,1008322,18
node0_3902,node0,node3,100,1008304,1008322,18
node0_3903,node0,node4,100,1008304,1008322,18
node0_3904,node0,node1,100,1008843,1008862,19
node0_3905,node0,node2,100,1008843,1008862,19
node0_3906,node0,node3,100,1008843,1008862,19
node0_3907,node0,node4,100,1008843,1008862,19
node0_3908,node0,node1,100,1011032,1011051,19
node0_3909,node0,node2,100,1011032,1011051,19
node0_3910,node0,node3,100,1011032,1011051,19
node0_3911,node0,node4,100,1011032,1011051,19
node0_3912,node0,node1,100,1015868,1015886,18
node0_3913,node0,node2,100,1015868,1015886,18
node0_3914,node0,node3,100,1015868,1015886,18
node0_3915,node0,node4,100,1015868,1015886,18
node0_3916,node0,node1,100,1016209,1016229,20
node0_3917,node0,node2,100,1016209,1016229,20
node0_3918,node0,node3,100,1016209,1016229,20
node0_3919,node0,node4,100,1016209,1016229,20
node0_3920,node0,node1,100,1016887,1016906,19
node0_3921,node0,node2,100,1016887,1016906,19
node0_3922,node0,node3,100,1016887,1016906,19
node0_3923,node0,node4,100,1016887,1016906,19
node0_3924,node0,node1,100,1019141,1019160,19
node0_3925,node0,node2,100,1019141,1019160,19
node0_3926,node0,node3,100,1019141,1019160,19
node0_3927,node0,node4,100,1019141,1019160,19
node0_3928,node0,node1,100,1019928,1019947,19
node0_3929,node0,node2,100,1019928,1019947,19
node0_3930,node0,node3,100,1019928,1019947,19
node0_3931,node0,node4,100,1019928,1019947,19
node0_3932,node0,node1,100,1020169,1020188,19
node0_3933,node0,node2,100,1020169,1020188,19
node0_3934,node0,node3,100,1020169,1020188,19
node0_3935,node0,node4,100,1020169,1020188,19
node0_3936,node0,node1,100,1021595,1021613,18
node0_3937,node0,node2,100,1021595,1021613,18
node0_3938,node0,node3,100,1021595,1021613,18
node0_3939,node0,node4,100,1021595,1021613,18
node0_3940,node0,node1,100,1022006,1022024,18
node0_3941,node0,node2,100,1022006,1022024,18
node0_3942,node0,node3,100,1022006,1022024,18
node0_3943,node0,node4,100,1022006,1022024,18
node0_3944,node0,node1,100,1022672,1022692,20
node0_3945,node0,node2,100,1022672,1022692,20
node0_3946,node0,node3,100,1022672,1022692,20
node0_3947,node0,node4,100,1022672,1022692,20
node0_3948,node0,node1,100,1022692,1022711,19
node0_3949,node0,node2,100,1022692,1022711,19
node0_3950,node0,node3,100,1022692,1022711,19
node0_3951,node0,node4,100,1022692,1022711,19
node0_3952,node0,node1,100,1027187,1027205,18
node0_3953,node0,node2,100,1027187,1027205,18
node0_3954,node0,node3,100,1027187,1027205,18
node0_3955,node0,node4,100,1027187,1027205,18
node0_3956,node0,node1,100,1028258,1028277,19
node0_3957,node0,node2,100,1028258,1028277,19
node0_3958,node0,node3,100,1028258,1028277,19
node0_3959,node0,node4,100,1028258,1028277,19
node0_3960,node0,node1,100,1030859,1030878,19
node0_3961,node0,node2,100,1030859,1030878,19
node0_3962,node0,node3,100,1030859,1030878,19
node0_3963,node0,node4,100,1030859,1030878,19
node0_3964,node0,node1,100,1034323,1034343,20
node0_3965,node0,node2,100,1034323,1034343,20
node0_3966,node0,node3,100,1034323,1034343,20
node0_3967,node0,node4,100,1034323,1034343,20
node0_3968,node0,node1,100,1034634,1034653,19
node0_3969,node0,node2,100,1034634,1034653,19
node0_3970,node0,node3,100,1034634,1034653,19
node0_3971,node0,node4,100,1034634,1034653,19
node0_3972,node0,node1,100,1035412,1035431,19
node0_3973,node0,node2,100,1035412,1035431,19
node0_3974,node0,node3,100,1035412,1035431,19
node0_3975,node0,node4,100,1035412,1035431,19
node0_3976,node0,node1,100,1035992,1036010,18
node0_3977,node0,node2,100,1035992,1036010,18
node0_3978,node0,node3,100,1035992,1036010,18
node0_3979,node0,node4,100,1035992,1036010,18
node0_3980,node0,node1,100,1037419,1037438,19
node0_3981,node0,node2,100,1037419,1037438,19
node0_3982,node0,node3,100,1037419,1037438,19
node0_3983,node0,node4,100,1037419,1037438,19
node0_3984,node0,node1,100,1039266,1039285,19
node0_3985,node0,node2,100,1039266,1039285,19
node0_3986,node0,node3,100,1039266,1039285,19
node0_3987,node0,node4,100,1039266,1039285,19
node0_3988,node0,node1,100,1039526,1039545,19
node0_3989,node0,node2,100,1039526,1039545,19
node0_3990,node0,node3,100,1039526,1039545,19
node0_3991,node0,node4,100,1039526,1039545,19
node0_3992,node0,node1,100,1039847,1039866,19
node0_3993,node0,node2,100,1039847,1039866,19
node0_3994,node0,node3,100,1039847,1039866,19
node0_3995,node0,node4,100,1039847,1039866,19
node0_3996,node0,node1,100,1041072,1041092,20
node0_3997,node0,node2,100,1041072,1041092,20
node0_3998,node0,node3,100,1041072,1041092,20
node0_3999,node0,node4,100,1041072,1041092,20
node0_4000,node0,node1,100,1041602,1041620,18
node0_4001,node0,node2,100,1041602,1041620,18
node0_4002,node0,node3,100,1041602,1041620,18
node0_4003,node0,node4,100,1041602,1041620,18
node0_4004,node0,node1,100,1041742,1041762,20
node0_4005,node0,node2,100,1041742,1041762,20
node0_4006,node0,node3,100,1041742,1041762,20
node0_4007,node0,node4,100,1041742,1041762,20
node0_4008,node0,node1,100,1041959,1041978,19
node0_4009,node0,node2,100,1041959,1041978,19
node0_4010,node0,node3,100,1041959,1041978,19
node0_4011,node0,node4,100,1041959,1041978,19
node0_4012,node0,node1,100,1042782,1042801,19
node0_4013,node0,node2,100,1042782,1042801,19
node0_4014,node0,node3,100,1042782,1042801,19
node0_4015,node0,node4,100,1042782,1042801,19
node0_4016,node0,node1,100,1043694,1043713,19
node0_4017,node0,node2,100,1043694,1043713,19
node0_4018,node0,node3,100,1043694,1043713,19
node0_4019,node0,node4,100,1043694,1043713,19
node0_4020,node0,node1,100,1046915,1046934,19
node0_4021,node0,node2,100,1046915,1046934,19
node0_4022,node0,node3,100,1046915,1046934,19
node0_4023,node0,node4,100,1046915,1046934,19
node0_4024,node0,node1,100,1047676,1047694,18
node0_4025,node0,node2,100,1047676,1047694,18
node0_4026,node0,node3,100,1047676,1047694,18
node0_4027,node0,node4,100,1047676,1047694,18
node0_4028,node0,node1,100,1048615,1048633,18
node0_4029,node0,node2,100,1048615,1048633,18
node0_4030,node0,node3,100,1048615,1048633,18
node0_4031,node0,node4,100,1048615,1048633,18
node0_4032,node0,node1,100,1048776,1048795,19
node0_4033,node0,node2,100,1048776,1048795,19
node0_4034,node0,node3,100,1048776,1048795,19
node0_4035,node0,node4,100,1048776,1048795,19
node0_4036,node0,node1,100,1049310,1049328,18
node0_4037,node0,node2,100,1049310,1049328,18
node0_4038,node0,node3,100,1049310,1049328,18
node0_4039,node0,node4,100,1049310,1049328,18
node0_4040,node0,node1,100,1049639,1049658,19
node0_4041,node0,node2,100,1049639,1049658,19
node0_4042,node0,node3,100,1049639,1049658,19
node0_4043,node0,node4,100,1049639,1049658,19
node0_4044,node0,node1,100,1050827,1050845,18
node0_4045,node0,node2,100,1050827,1050845,18
node0_4046,node0,node3,100,1050827,1050845,18
node0_4047,node0,node4,100,1050827,1050845,18
node0_4048,node0,node1,100,1051138,1051157,19
node0_4049,node0,node2,100,1051138,1051157,19
node0_4050,node0,node3,100,1051138,1051157,19
node0_4051,node0,node4,100,1051138,1051157,19
node0_4052,node0,node1,100,1051379,1051397,18
node0_4053,node0,node2,100,1051379,1051397,18
node0_4054,node0,node3,100,1051379,1051397,18
node0_4055,node0,node4,100,1051379,1051397,18
node0_4056,node0,node1,100,1051838,1051857,19
node0_4057,node0,node2,100,1051838,1051857,19
node0_4058,node0,node3,100,1051838,1051857,19
node0_4059,node0,node4,100,1051838,1051857,19
node0_4060,node0,node1,100,1052474,1052494,20
node0_4061,node0,node2,100,1052474,1052494,20
node0_4062,node0,node3,100,1052474,1052494,20
node0_4063,node0,node4,100,1052474,1052494,20
node0_4064,node0,node1,100,1052887,1052906,19
node0_4065,node0,node2,100,1052887,1052906,19
node0_4066,node0,node3,100,1052887,1052906,19
node0_4067,node0,node4,100,1052887,1052906,19
node0_4068,node0,node1,100,1053818,1053837,19
node0_4069,node0,node2,100,1053818,1053837,19
node0_4070,node0,node3,100,1053818,1053837,19
node0_4071,node0,node4,100,1053818,1053837,19
node0_4072,node0,node1,100,1054017,1054036,19
node0_4073,node0,node2,100,1054017,1054036,19
node0_4074,node0,node3,100,1054017,1054036,19
node0_4075,node0,node4,100,1054017,1054036,19
node0_4076,node0,node1,100,1056137,1056156,19
node0_4077,node0,node2,100,1056137,1056156,19
node0_4078,node0,node3,100,1056137,1056156,19
node0_4079,node0,node4,100,1056137,1056156,19
node0_4080,node0,node1,100,1057322,1057341,19
node0_4081,node0,node2,100,1057322,1057341,19
node0_4082,node0,node3,100,1057322,1057341,19
node0_4083,node0,node4,100,1057322,1057341,19
node0_4084,node0,node1,100,1058087,1058107,20
node0_4085,node0,node2,100,1058087,1058107,20
node0_4086,node0,node3,100,1058087,1058107,20
node0_4087,node0,node4,100,1058087,1058107,20
node0_4088,node0,node1,100,1058147,1058166,19
node0_4089,node0,node2,100,1058147,1058166,19
node0_4090,node0,node3,100,1058147,1058166,19
node0_4091,node0,node4,100,1058147,1058166,19
node0_4092,node0,node1,100,1058541,1058559,18
node0_4093,node0,node2,100,1058541,1058559,18
node0_4094,node0,node3,100,1058541,1058559,18
node0_4095,node0,node4,100,1058541,1058559,18
node0_4096,node0,node1,100,1059713,1059732,19
node0_4097,node0,node2,100,1059713,1059732,19
node0_4098,node0,node3,100,1059713,1059732,19
node0_4099,node0,node4,100,1059713,1059732,19
node0_4100,node0,node1,100,1060749,1060769,20
node0_4101,node0,node2,100,1060749,1060769,20
node0_4102,node0,node3,100,1060749,1060769,20
node0_4103,node0,node4,100,1060749,1060769,20
node0_4104,node0,node1,100,1062420,1062439,19
node0_4105,node0,node2,100,1062420,1062439,19
node0_4106,node0,node3,100,1062420,1062439,19
node0_4107,node0,node4,100,1062420,1062439,19
node0_4108,node0,node1,100,1064641,1064660,19
node0_4109,node0,node2,100,1064641,1064660,19
node0_4110,node0,node3,100,1064641,1064660,19
node0_4111,node0,node4,100,1064641,1064660,19
node0_4112,node0,node1,100,1065020,1065040,20
node0_4113,node0,node2,100,1065020,1065040,20
node0_4114,node0,node3,100,1065020,1065040,20
node0_4115,node0,node4,100,1065020,1065040,20
node0_4116,node0,node1,100,1065700,1065718,18
node0_4117,node0,node2,100,1065700,1065718,18
node0_4118,node0,node3,100,1065700,1065718,18
node0_4119,node0,node4,100,1065700,1065718,18
node0_4120,node0,node1,100,1066101,1066120,19
node0_4121,node0,node2,100,1066101,1066120,19
node0_4122,node0,node3,100,1066101,1066120,19
node0_4123,node0,node4,100,1066101,1066120,19
node0_4124,node0,node1,100,1066238,1066258,20
node0_4125,node0,node2,100,1066238,1066258,20
node0_4126,node0,node3,100,1066238,1066258,20
node0_4127,node0,node4,100,1066238,1066258,20
node0_4128,node0,node1,100,1066389,1066408,19
node0_4129,node0,node2,100,1066389,1066408,19
node0_4130,node0,node3,100,1066389,1066408,19
node0_4131,node0,node4,100,1066389,1066408,19
node0_4132,node0,node1,100,1066685,1066703,18
node0_4133,node0,node2,100,1066685,1066703,18
node0_4134,node0,node3,100,1066685,1066703,18
node0_4135,node0,node4,100,1066685,1066703,18
node0_4136,node0,node1,100,1066777,1066796,19
node0_4137,node0,node2,100,1066777,1066796,19
node0_4138,node0,node3,100,1066777,1066796,19
node0_4139,node0,node4,100,1066777,1066796,19
node0_4140,node0,node1,100,1067551,1067569,18
node0_4141,node0,node2,100,1067551,1067569,18
node0_4142,node0,node3,100,1067551,1067569,18
node0_4143,node0,node4,100,1067551,1067569,18
node0_4144,node0,node1,100,1068765,1068783,18
node0_4145,node0,node2,100,1068765,1068783,18
node0_4146,node0,node3,100,1068765,1068783,18
node0_4147,node0,node4,100,1068765,1068783,18
node0_4148,node0,node1,100,1069593,1069611,18
node0_4149,node0,node2,100,1069593,1069611,18
node0_4150,node0,node3,100,1069593,1069611,18
node0_4151,node0,node4,100,1069593,1069611,18
node0_4152,node0,node1,100,1070747,1070766,19
node0_4153,node0,node2,100,1070747,1070766,19
node0_4154,node0,node3,100,1070747,1070766,19
node0_4155,node0,node4,100,1070747,1070766,19
node0_4156,node0,node1,100,1071004,1071023,19
node0_4157,node0,node2,100,1071004,1071023,19
node0_4158,node0,node3,100,1071004,1071023,19
node0_4159,node0,node4,100,1071004,1071023,19
node0_4160,node0,node1,100,1071226,1071244,18
node0_4161,node0,node2,100,1071226,1071244,18
node0_4162,node0,node3,100,1071226,1071244,18
node0_4163,node0,node4,100,1071226,1071244,18
node0_4164,node0,node1,100,1072065,1072085,20
node0_4165,node0,node2,100,1072065,1072085,20
node0_4166,node0,node3,100,1072065,1072085,20
node0_4167,node0,node4,100,1072065,1072085,20
node0_4168,node0,node1,100,1074221,1074239,18
node0_4169,node0,node2,100,1074221,1074239,18
node0_4170,node0,node3,100,1074221,1074239,18
node0_4171,node0,node4,100,1074221,1074239,18
node0_4172,node0,node1,100,1074770,1074789,19
node0_4173,node0,node2,100,1074770,1074789,19
node0_4174,node0,node3,100,1074770,1074789,19
node0_4175,node0,node4,100,1074770,1074789,19
node0_4176,node0,node1,100,1074789,1074809,20
node0_4177,node0,node2,100,1074789,1074809,20
node0_4178,node0,node3,100,1074789,1074809,20
node0_4179,node0,node4,100,1074789,1074809,20
node0_4180,node0,node1,100,1074809,1074828,19
node0_4181,node0,node2,100,1074809,1074828,19
node0_4182,node0,node3,100,1074809,1074828,19
node0_4183,node0,node4,100,1074809,1074828,19
node0_4184,node0,node1,100,1075159,1075178,19
node0_4185,node0,node2,100,1075159,1075178,19
node0_4186,node0,node3,100,1075159,1075178,19
node0_4187,node0,node4,100,1075159,1075178,19
node0_4188,node0,node1,100,1076114,1076133,19
node0_4189,node0,node2,100,1076114,1076133,19
node0_4190,node0,node3,100,1076114,1076133,19
node0_4191,node0,node4,100,1076114,1076133,19
node0_4192,node0,node1,100,1076203,1076222,19
node0_4193,node0,node2,100,1076203,1076222,19
node0_4194,node0,node3,100,1076203,1076222,19
node0_4195,node0,node4,100,1076203,1076222,19
node0_4196,node0,node1,100,1076457,1076476,19
node0_4197,node0,node2,100,1076457,1076476,19
node0_4198,node0,node3,100,1076457,1076476,19
node0_4199,node0,node4,100,1076457,1076476,19
node0_4200,node0,node1,100,1077598,1077617,19
node0_4201,node0,node2,100,1077598,1077617,19
node0_4202,node0,node3,100,1077598,1077617,19
node0_4203,node0,node4,100,1077598,1077617,19
node0_4204,node0,node1,100,1081798,1081817,19
node0_4205,node0,node2,100,1081798,1081817,19
node0_4206,node0,node3,100,1081798,1081817,19
node0_4207,node0,node4,100,1081798,1081817,19
node0_4208,node0,node1,100,1082215,1082234,19
node0_4209,node0,node2,100,1082215,1082234,19
node0_4210,node0,node3,100,1082215,1082234,19
node0_4211,node0,node4,100,1082215,1082234,19
node0_4212,node0,node1,100,1083134,1083153,19
node0_4213,node0,node2,100,1083134,1083153,19
node0_4214,node0,node3,100,1083134,1083153,19
node0_4215,node0,node4,100,1083134,1083153,19
node0_4216,node0,node1,100,1083865,1083885,20
node0_4217,node0,node2,100,1083865,1083885,20
node0_4218,node0,node3,100,1083865,1083885,20
node0_4219,node0,node4,100,1083865,1083885,20
node0_4220,node0,node1,100,1083888,1083906,18
node0_4221,node0,node2,100,1083888,1083906,18
node0_4222,node0,node3,100,1083888,1083906,18
node0_4223,node0,node4,100,1083888,1083906,18
node0_4224,node0,node1,100,1084288,1084306,18
node0_4225,node0,node2,100,1084288,1084306,18
node0_4226,node0,node3,100,1084288,1084306,18
node0_4227,node0,node4,100,1084288,1084306,18
node0_4228,node0,node1,100,1084438,1084457,19
node0_4229,node0,node2,100,1084438,1084457,19
node0_4230,node0,node3,100,1084438,1084457,19
node0_4231,node0,node4,100,1084438,1084457,19
node0_4232,node0,node1,100,1084727,1084745,18
node0_4233,node0,node2,100,1084727,1084745,18
node0_4234,node0,node3,100,1084727,1084745,18
node0_4235,node0,node4,100,1084727,1084745,18
node0_4236,node0,node1,100,1086197,1086216,19
node0_4237,node0,node2,100,1086197,1086216,19
node0_4238,node0,node3,100,1086197,1086216,19
node0_4239,node0,node4,100,1086197,1086216,19
node0_4240,node0,node1,100,1087340,1087360,20
node0_4241,node0,node2,100,1087340,1087360,20
node0_4242,node0,node3,100,1087340,1087360,20
node0_4243,node0,node4,100,1087340,1087360,20
node0_4244,node0,node1,100,1087382,1087401,19
node0_4245,node0,node2,100,1087382,1087401,19
node0_4246,node0,node3,100,1087382,1087401,19
node0_4247,node0,node4,100,1087382,1087401,19
node0_4248,node0,node1,100,1087462,1087480,18
node0_4249,node0,node2,100,1087462,1087480,18
node0_4250,node0,node3,100,1087462,1087480,18
node0_4251,node0,node4,100,1087462,1087480,18
node0_4252,node0,node1,100,1088753,1088772,19
node0_4253,node0,node2,100,1088753,1088772,19
node0_4254,node0,node3,100,1088753,1088772,19
node0_4255,node0,node4,100,1088753,1088772,19
node0_4256,node0,node1,100,1088862,1088880,18
node0_4257,node0,node2,100,1088862,1088880,18
node0_4258,node0,node3,100,1088862,1088880,18
node0_4259,node0,node4,100,1088862,1088880,18
node0_4260,node0,node1,100,1089243,1089261,18
node0_4261,node0,node2,100,1089243,1089261,18
node0_4262,node0,node3,100,1089243,1089261,18
node0_4263,node0,node4,100,1089243,1089261,18
node0_4264,node0,node1,100,1089557,1089575,18
node0_4265,node0,node2,100,1089557,1089575,18
node0_4266,node0,node3,100,1089557,1089575,18
node0_4267,node0,node4,100,1089557,1089575,18
node0_4268,node0,node1,100,1089608,1089627,19
node0_4269,node0,node2,100,1089608,1089627,19
node0_4270,node0,node3,100,1089608,1089627,19
node0_4271,node0,node4,100,1089608,1089627,19
node0_4272,node0,node1,100,1089640,1089659,19
node0_4273,node0,node2,100,1089640,1089659,19
node0_4274,node0,node3,100,1089640,1089659,19
node0_4275,node0,node4,100,1089640,1089659,19
node0_4276,node0,node1,100,1089790,1089809,19
node0_4277,node0,node2,100,1089790,1089809,19
node0_4278,node0,node3,100,1089790,1089809,19
node0_4279,node0,node4,100,1089790,1089809,19
node0_4280,node0,node1,100,1090299,1090318,19
node0_4281,node0,node2,100,1090299,1090318,19
node0_4282,node0,node3,100,1090299,1090318,19
node0_4283,node0,node4,100,1090299,1090318,19
node0_4284,node0,node1,100,1093013,1093032,19
node0_4285,node0,node2,100,1093013,1093032,19
node0_4286,node0,node3,100,1093013,1093032,19
node0_4287,node0,node4,100,1093013,1093032,19
node0_4288,node0,node1,100,1094030,1094048,18
node0_4289,node0,node2,100,1094030,1094048,18
node0_4290,node0,node3,100,1094030,1094048,18
node0_4291,node0,node4,100,1094030,1094048,18
node0_4292,node0,node1,100,1094307,1094326,19
node0_4293,node0,node2,100,1094307,1094326,19
node0_4294,node0,node3,100,1094307,1094326,19
node0_4295,node0,node4,100,1094307,1094326,19
node0_4296,node0,node1,100,1095446,1095465,19
node0_4297,node0,node2,100,1095446,1095465,19
node0_4298,node0,node3,100,1095446,1095465,19
node0_4299,node0,node4,100,1095446,1095465,19
node0_4300,node0,node1,100,1095765,1095783,18
node0_4301,node0,node2,100,1095765,1095783,18
node0_4302,node0,node3,100,1095765,1095783,18
node0_4303,node0,node4,100,1095765,1095783,18
node0_4304,node0,node1,100,1096489,1096508,19
node0_4305,node0,node2,100,1096489,1096508,19
node0_4306,node0,node3,100,1096489,1096508,19
node0_4307,node0,node4,100,1096489,1096508,19
node0_4308,node0,node1,100,1096878,1096897,19
node0_4309,node0,node2,100,1096878,1096897,19
node0_4310,node0,node3,100,1096878,1096897,19
node0_4311,node0,node4,100,1096878,1096897,19
node0_4312,node0,node1,100,1099847,1099865,18
node0_4313,node0,node2,100,1099847,1099865,18
node0_4314,node0,node3,100,1099847,1099865,18
node0_4315,node0,node4,100,1099847,1099865,18
node0_4316,node0,node1,100,1100282,1100301,19
node0_4317,node0,node2,100,1100282,1100301,19
node0_4318,node0,node3,100,1100282,1100301,19
node0_4319,node0,node4,100,1100282,1100301,19
node0_4320,node0,node1,100,1101909,1101928,19
node0_4321,node0,node2,100,1101909,1101928,19
node0_4322,node0,node3,100,1101909,1101928,19
node0_4323,node0,node4,100,1101909,1101928,19
node0_4324,node0,node1,100,1102934,1102952,18
node0_4325,node0,node2,100,1102934,1102952,18
node0_4326,node0,node3,100,1102934,1102952,18
node0_4327,node0,node4,100,1102934,1102952,18
node0_4328,node0,node1,100,1104788,1104807,19
node0_4329,node0,node2,100,1104788,1104807,19
node0_4330,node0,node3,100,1104788,1104807,19
node0_4331,node0,node4,100,1104788,1104807,19
node0_4332,node0,node1,100,1105719,1105738,19
node0_4333,node0,node2,100,1105719,1105738,19
node0_4334,node0,node3,100,1105719,1105738,19
node0_4335,node0,node4,100,1105719,1105738,19
node0_4336,node0,node1,100,1107763,1107782,19
node0_4337,node0,node2,100,1107763,1107782,19
node0_4338,node0,node3,100,1107763,1107782,19
node0_4339,node0,node4,100,1107763,1107782,19
node0_4340,node0,node1,100,1108282,1108300,18
node0_4341,node0,node2,100,1108282,1108300,18
node0_4342,node0,node3,100,1108282,1108300,18
node0_4343,node0,node4,100,1108282,1108300,18
node0_4344,node0,node1,100,1109418,1109437,19
node0_4345,node0,node2,100,1109418,1109437,19
node0_4346,node0,node3,100,1109418,1109437,19
node0_4347,node0,node4,100,1109418,1109437,19
node0_4348,node0,node1,100,1110388,1110407,19
node0_4349,node0,node2,100,1110388,1110407,19
node0_4350,node0,node3,100,1110388,1110407,19
node0_4351,node0,node4,100,1110388,1110407,19
node0_4352,node0,node1,100,1111138,1111157,19
node0_4353,node0,node2,100,1111138,1111157,19
node0_4354,node0,node3,100,1111138,1111157,19
node0_4355,node0,node4,100,1111138,1111157,19
node0_4356,node0,node1,100,1111969,1111989,20
node0_4357,node0,node2,100,1111969,1111989,20
node0_4358,node0,node3,100,1111969,1111989,20
node0_4359,node0,node4,100,1111969,1111989,20
node0_4360,node0,node1,100,1112736,1112754,18
node0_4361,node0,node2,100,1112736,1112754,18
node0_4362,node0,node3,100,1112736,1112754,18
node0_4363,node0,node4,100,1112736,1112754,18
node0_4364,node0,node1,100,1113237,1113256,19
node0_4365,node0,node2,100,1113237,1113256,19
node0_4366,node0,node3,100,1113237,1113256,19
node0_4367,node0,node4,100,1113237,1113256,19
node0_4368,node0,node1,100,1115523,1115543,20
node0_4369,node0,node2,100,1115523,1115543,20
node0_4370,node0,node3,100,1115523,1115543,20
node0_4371,node0,node4,100,1115523,1115543,20
node0_4372,node0,node1,100,1116524,1116542,18
node0_4373,node0,node2,100,1116524,1116542,18
node0_4374,node0,node3,100,1116524,1116542,18
node0_4375,node0,node4,100,1116524,1116542,18
node0_4376,node0,node1,100,1117321,1117340,19
node0_4377,node0,node2,100,1117321,1117340,19
node0_4378,node0,node3,100,1117321,1117340,19
node0_4379,node0,node4,100,1117321,1117340,19
node0_4380,node0,node1,100,1117376,1117394,18
node0_4381,node0,node2,100,1117376,1117394,18
node0_4382,node0,node3,100,1117376,1117394,18
node0_4383,node0,node4,100,1117376,1117394,18
node0_4384,node0,node1,100,1118087,1118107,20
node0_4385,node0,node2,100,1118087,1118107,20
node0_4386,node0,node3,100,1118087,1118107,20
node0_4387,node0,node4,100,1118087,1118107,20
node0_4388,node0,node1,100,1118279,1118297,18
node0_4389,node0,node2,100,1118279,1118297,18
node0_4390,node0,node3,100,1118279,1118297,18
node0_4391,node0,node4,100,1118279,1118297,18
node0_4392,node0,node1,100,1118521,1118539,18
node0_4393,node0,node2,100,1118521,1118539,18
node0_4394,node0,node3,100,1118521,1118539,18
node0_4395,node0,node4,100,1118521,1118539,18
node0_4396,node0,node1,100,1119092,1119112,20
node0_4397,node0,node2,100,1119092,1119112,20
node0_4398,node0,node3,100,1119092,1119112,20
node0_4399,node0,node4,100,1119092,1119112,20
node0_4400,node0,node1,100,1119881,1119899,18
node0_4401,node0,node2,100,1119881,1119899,18
node0_4402,node0,node3,100,1119881,1119899,18
node0_4403,node0,node4,100,1119881,1119899,18
node0_4404,node0,node1,100,1120169,1120187,18
node0_4405,node0,node2,100,1120169,1120187,18
node0_4406,node0,node3,100,1120169,1120187,18
node0_4407,node0,node4,100,1120169,1120187,18
node0_4408,node0,node1,100,1120485,1120504,19
node0_4409,node0,node2,100,1120485,1120504,19
node0_4410,node0,node3,100,1120485,1120504,19
node0_4411,node0,node4,100,1120485,1120504,19
node0_4412,node0,node1,100,1121241,1121260,19
node0_4413,node0,node2,100,1121241,1121260,19
node0_4414,node0,node3,100,1121241,1121260,19
node0_4415,node0,node4,100,1121241,1121260,19
node0_4416,node0,node1,100,1121882,1121901,19
node0_4417,node0,node2,100,1121882,1121901,19
node0_4418,node0,node3,100,1121882,1121901,19
node0_4419,node0,node4,100,1121882,1121901,19
node0_4420,node0,node1,100,1122398,1122417,19
node0_4421,node0,node2,100,1122398,1122417,19
node0_4422,node0,node3,100,1122398,1122417,19
node0_4423,node0,node4,100,1122398,1122417,19
node0_4424,node0,node1,100,1122508,1122527,19
node0_4425,node0,node2,100,1122508,1122527,19
node0_4426,node0,node3,100,1122508,1122527,19
node0_4427,node0,node4,100,1122508,1122527,19
node0_4428,node0,node1,100,1122975,1122993,18
node0_4429,node0,node2,100,1122975,1122993,18
node0_4430,node0,node3,100,1122975,1122993,18
node0_4431,node0,node4,100,1122975,1122993,18
node0_4432,node0,node1,100,1124038,1124057,19
node0_4433,node0,node2,100,1124038,1124057,19
node0_4434,node0,node3,100,1124038,1124057,19
node0_4435,node0,node4,100,1124038,1124057,19
node0_4436,node0,node1,100,1124823,1124842,19
node0_4437,node0,node2,100,1124823,1124842,19
node0_4438,node0,node3,100,1124823,1124842,19
node0_4439,node0,node4,100,1124823,1124842,19
node0_4440,node0,node1,100,1125610,1125628,18
node0_4441,node0,node2,100,1125610,1125628,18
node0_4442,node0,node3,100,1125610,1125628,18
node0_4443,node0,node4,100,1125610,1125628,18
node0_4444,node0,node1,100,1127467,1127485,18
node0_4445,node0,node2,100,1127467,1127485,18
node0_4446,node0,node3,100,1127467,1127485,18
node0_4447,node0,node4,100,1127467,1127485,18
node0_4448,node0,node1,100,1128751,1128770,19
node0_4449,node0,node2,100,1128751,1128770,19
node0_4450,node0,node3,100,1128751,1128770,19
node0_4451,node0,node4,100,1128751,1128770,19
node0_4452,node0,node1,100,1129905,1129923,18
node0_4453,node0,node2,100,1129905,1129923,18
node0_4454,node0,node3,100,1129905,1129923,18
node0_4455,node0,node4,100,1129905,1129923,18
node0_4456,node0,node1,100,1129936,1129954,18
node0_4457,node0,node2,100,1129936,1129954,18
node0_4458,node0,node3,100,1129936,1129954,18
node0_4459,node0,node4,100,1129936,1129954,18
node0_4460,node0,node1,100,1130305,1130325,20
node0_4461,node0,node2,100,1130305,1130325,20
node0_4462,node0,node3,100,1130305,1130325,20
node0_4463,node0,node4,100,1130305,1130325,20
node0_4464,node0,node1,100,1131452,1131471,19
node0_4465,node0,node2,100,1131452,1131471,19
node0_4466,node0,node3,100,1131452,1131471,19
node0_4467,node0,node4,100,1131452,1131471,19
node0_4468,node0,node1,100,1131621,1131640,19
node0_4469,node0,node2,100,1131621,1131640,19
node0_4470,node0,node3,100,1131621,1131640,19
node0_4471,node0,node4,100,1131621,1131640,19
node0_4472,node0,node1,100,1134068,1134087,19
node0_4473,node0,node2,100,1134068,1134087,19
node0_4474,node0,node3,100,1134068,1134087,19
node0_4475,node0,node4,100,1134068,1134087,19
node0_4476,node0,node1,100,1134221,1134239,18
node0_4477,node0,node2,100,1134221,1134239,18
node0_4478,node0,node3,100,1134221,1134239,18
node0_4479,node0,node4,100,1134221,1134239,18
node0_4480,node0,node1,100,1136334,1136352,18
node0_4481,node0,node2,100,1136334,1136352,18
node0_4482,node0,node3,100,1136334,1136352,18
node0_4483,node0,node4,100,1136334,1136352,18
node0_4484,node0,node1,100,1136578,1136597,19
node0_4485,node0,node2,100,1136578,1136597,19
node0_4486,node0,node3,100,1136578,1136597,19
node0_4487,node0,node4,100,1136578,1136597,19
node0_4488,node0,node1,100,1138420,1138439,19
node0_4489,node0,node2,100,1138420,1138439,19
node0_4490,node0,node3,100,1138420,1138439,19
node0_4491,node0,node4,100,1138420,1138439,19
node0_4492,node0,node1,100,1140306,1140325,19
node0_4493,node0,node2,100,1140306,1140325,19
node0_4494,node0,node3,100,1140306,1140325,19
node0_4495,node0,node4,100,1140306,1140325,19
node0_4496,node0,node1,100,1140715,1140734,19
node0_4497,node0,node2,100,1140715,1140734,19
node0_4498,node0,node3,100,1140715,1140734,19
node0_4499,node0,node4,100,1140715,1140734,19
node0_4500,node0,node1,100,1142909,1142928,19
node0_4501,node0,node2,100,1142909,1142928,19
node0_4502,node0,node3,100,1142909,1142928,19
node0_4503,node0,node4,100,1142909,1142928,19
node0_4504,node0,node1,100,1143083,1143101,18
node0_4505,node0,node2,100,1143083,1143101,18
node0_4506,node0,node3,100,1143083,1143101,18
node0_4507,node0,node4,100,1143083,1143101,18
node0_4508,node0,node1,100,1144974,1144992,18
node0_4509,node0,node2,100,1144974,1144992,18
node0_4510,node0,node3,100,1144974,1144992,18
node0_4511,node0,node4,100,1144974,1144992,18
node0_4512,node0,node1,100,1145455,1145474,19
node0_4513,node0,node2,100,1145455,1145474,19
node0_4514,node0,node3,100,1145455,1145474,19
node0_4515,node0,node4,100,1145455,1145474,19
node0_4516,node0,node1,100,1146035,1146054,19
node0_4517,node0,node2,100,1146035,1146054,19
node0_4518,node0,node3,100,1146035,1146054,19
node0_4519,node0,node4,100,1146035,1146054,19
node0_4520,node0,node1,100,1146160,1146179,19
node0_4521,node0,node2,100,1146160,1146179,19
node0_4522,node0,node3,100,1146160,1146179,19
node0_4523,node0,node4,100,1146160,1146179,19
node0_4524,node0,node1,100,1147079,1147099,20
node0_4525,node0,node2,100,1147079,1147099,20
node0_4526,node0,node3,100,1147079,1147099,20
node0_4527,node0,node4,100,1147079,1147099,20
node0_4528,node0,node1,100,1147393,1147411,18
node0_4529,node0,node2,100,1147393,1147411,18
node0_4530,node0,node3,100,1147393,1147411,18
node0_4531,node0,node4,100,1147393,1147411,18
node0_4532,node0,node1,100,1148492,1148510,18
node0_4533,node0,node2,100,1148492,1148510,18
node0_4534,node0,node3,100,1148492,1148510,18
node0_4535,node0,node4,100,1148492,1148510,18
node0_4536,node0,node1,100,1150099,1150119,20
node0_4537,node0,node2,100,1150099,1150119,20
node0_4538,node0,node3,100,1150099,1150119,20
node0_4539,node0,node4,100,1150099,1150119,20
node0_4540,node0,node1,100,1151024,1151042,18
node0_4541,node0,node2,100,1151024,1151042,18
node0_4542,node0,node3,100,1151024,1151042,18
node0_4543,node0,node4,100,1151024,1151042,18
node0_4544,node0,node1,100,1151042,1151061,19
node0_4545,node0,node2,100,1151042,1151061,19
node0_4546,node0,node3,100,1151042,1151061,19
node0_4547,node0,node4,100,1151042,1151061,19
node0_4548,node0,node1,100,1154076,1154094,18
node0_4549,node0,node2,100,1154076,1154094,18
node0_4550,node0,node3,100,1154076,1154094,18
node0_4551,node0,node4,100,1154076,1154094,18
node0_4552,node0,node1,100,1156598,1156618,20
node0_4553,node0,node2,100,1156598,1156618,20
node0_4554,node0,node3,100,1156598,1156618,20
node0_4555,node0,node4,100,1156598,1156618,20
node0_4556,node0,node1,100,1157628,1157647,19
node0_4557,node0,node2,100,1157628,1157647,19
node0_4558,node0,node3,100,1157628,1157647,19
node0_4559,node0,node4,100,1157628,1157647,19
node0_4560,node0,node1,100,1158105,1158124,19
node0_4561,node0,node2,100,1158105,1158124,19
node0_4562,node0,node3,100,1158105,1158124,19
node0_4563,node0,node4,100,1158105,1158124,19
node0_4564,node0,node1,100,1158930,1158949,19
node0_4565,node0,node2,100,1158930,1158949,19
node0_4566,node0,node3,100,1158930,1158949,19
node0_4567,node0,node4,100,1158930,1158949,19
node0_4568,node0,node1,100,1161074,1161092,18
node0_4569,node0,node2,100,1161074,1161092,18
node0_4570,node0,node3,100,1161074,1161092,18
node0_4571,node0,node4,100,1161074,1161092,18
node0_4572,node0,node1,100,1161690,1161709,19
node0_4573,node0,node2,100,1161690,1161709,19
node0_4574,node0,node3,100,1161690,1161709,19
node0_4575,node0,node4,100,1161690,1161709,19
node0_4576,node0,node1,100,1163200,1163219,19
node0_4577,node0,node2,100,1163200,1163219,19
node0_4578,node0,node3,100,1163200,1163219,19
node0_4579,node0,node4,100,1163200,1163219,19
node0_4580,node0,node1,100,1164113,1164132,19
node0_4581,node0,node2,100,1164113,1164132,19
node0_4582,node0,node3,100,1164113,1164132,19
node0_4583,node0,node4,100,1164113,1164132,19
node0_4584,node0,node1,100,1164661,1164679,18
node0_4585,node0,node2,100,1164661,1164679,18
node0_4586,node0,node3,100,1164661,1164679,18
node0_4587,node0,node4,100,1164661,1164679,18
node0_4588,node0,node1,100,1167372,1167391,19
node0_4589,node0,node2,100,1167372,1167391,19
node0_4590,node0,node3,100,1167372,1167391,19
node0_4591,node0,node4,100,1167372,1167391,19
node0_4592,node0,node1,100,1167897,1167915,18
node0_4593,node0,node2,100,1167897,1167915,18
node0_4594,node0,node3,100,1167897,1167915,18
node0_4595,node0,node4,100,1167897,1167915,18
node0_4596,node0,node1,100,1168828,1168846,18
node0_4597,node0,node2,100,1168828,1168846,18
node0_4598,node0,node3,100,1168828,1168846,18
node0_4599,node0,node4,100,1168828,1168846,18
node0_4600,node0,node1,100,1168883,1168902,19
node0_4601,node0,node2,100,1168883,1168902,19
node0_4602,node0,node3,100,1168883,1168902,19
node0_4603,node0,node4,100,1168883,1168902,19
node0_4604,node0,node1,100,1169519,1169538,19
node0_4605,node0,node2,100,1169519,1169538,19
node0_4606,node0,node3,100,1169519,1169538,19
node0_4607,node0,node4,100,1169519,1169538,19
node0_4608,node0,node1,100,1169557,1169575,18
node0_4609,node0,node2,100,1169557,1169575,18
node0_4610,node0,node3,100,1169557,1169575,18
node0_4611,node0,node4,100,1169557,1169575,18
node0_4612,node0,node1,100,1170775,1170793,18
node0_4613,node0,node2,100,1170775,1170793,18
node0_4614,node0,node3,100,1170775,1170793,18
node0_4615,node0,node4,100,1170775,1170793,18
node0_4616,node0,node1,100,1170793,1170813,20
node0_4617,node0,node2,100,1170793,1170813,20
node0_4618,node0,node3,100,1170793,1170813,20
node0_4619,node0,node4,100,1170793,1170813,20
node0_4620,node0,node1,100,1170819,1170838,19
node0_4621,node0,node2,100,1170819,1170838,19
node0_4622,node0,node3,100,1170819,1170838,19
node0_4623,node0,node4,100,1170819,1170838,19
node0_4624,node0,node1,100,1170937,1170956,19
node0_4625,node0,node2,100,1170937,1170956,19
node0_4626,node0,node3,100,1170937,1170956,19
node0_4627,node0,node4,100,1170937,1170956,19
node0_4628,node0,node1,100,1171087,1171107,20
node0_4629,node0,node2,100,1171087,1171107,20
node0_4630,node0,node3,100,1171087,1171107,20
node0_4631,node0,node4,100,1171087,1171107,20
node0_4632,node0,node1,100,1171796,1171814,18
node0_4633,node0,node2,100,1171796,1171814,18
node0_4634,node0,node3,100,1171796,1171814,18
node0_4635,node0,node4,100,1171796,1171814,18
node0_4636,node0,node1,100,1172237,1172256,19
node0_4637,node0,node2,100,1172237,1172256,19
node0_4638,node0,node3,100,1172237,1172256,19
node0_4639,node0,node4,100,1172237,1172256,19
node0_4640,node0,node1,100,1172553,1172573,20
node0_4641,node0,node2,100,1172553,1172573,20
node0_4642,node0,node3,100,1172553,1172573,20
node0_4643,node0,node4,100,1172553,1172573,20
node0_4644,node0,node1,100,1176665,1176684,19
node0_4645,node0,node2,100,1176665,1176684,19
node0_4646,node0,node3,100,1176665,1176684,19
node0_4647,node0,node4,100,1176665,1176684,19
node0_4648,node0,node1,100,1179062,1179081,19
node0_4649,node0,node2,100,1179062,1179081,19
node0_4650,node0,node3,100,1179062,1179081,19
node0_4651,node0,node4,100,1179062,1179081,19
node0_4652,node0,node1,100,1180125,1180143,18
node0_4653,node0,node2,100,1180125,1180143,18
node0_4654,node0,node3,100,1180125,1180143,18
node0_4655,node0,node4,100,1180125,1180143,18
node0_4656,node0,node1,100,1181745,1181764,19
node0_4657,node0,node2,100,1181745,1181764,19
node0_4658,node0,node3,100,1181745,1181764,19
node0_4659,node0,node4,100,1181745,1181764,19
node0_4660,node0,node1,100,1183459,1183478,19
node0_4661,node0,node2,100,1183459,1183478,19
node0_4662,node0,node3,100,1183459,1183478,19
node0_4663,node0,node4,100,1183459,1183478,19
node0_4664,node0,node1,100,1183740,1183759,19
node0_4665,node0,node2,100,1183740,1183759,19
node0_4666,node0,node3,100,1183740,1183759,19
node0_4667,node0,node4,100,1183740,1183759,19
node0_4668,node0,node1,100,1185392,1185412,20
node0_4669,node0,node2,100,1185392,1185412,20
node0_4670,node0,node3,100,1185392,1185412,20
node0_4671,node0,node4,100,1185392,1185412,20
node0_4672,node0,node1,100,1185666,1185685,19
node0_4673,node0,node2,100,1185666,1185685,19
node0_4674,node0,node3,100,1185666,1185685,19
node0_4675,node0,node4,100,1185666,1185685,19
node0_4676,node0,node1,100,1186492,1186510,18
node0_4677,node0,node2,100,1186492,1186510,18
node0_4678,node0,node3,100,1186492,1186510,18
node0_4679,node0,node4,100,1186492,1186510,18
node0_4680,node0,node1,100,1186935,1186955,20
node0_4681,node0,node2,100,1186935,1186955,20
node0_4682,node0,node3,100,1186935,1186955,20
node0_4683,node0,node4,100,1186935,1186955,20
node0_4684,node0,node1,100,1187108,1187127,19
node0_4685,node0,node2,100,1187108,1187127,19
node0_4686,node0,node3,100,1187108,1187127,19
node0_4687,node0,node4,100,1187108,1187127,19
node0_4688,node0,node1,100,1188608,1188627,19
node0_4689,node0,node2,100,1188608,1188627,19
node0_4690,node0,node3,100,1188608,1188627,19
node0_4691,node0,node4,100,1188608,1188627,19
node0_4692,node0,node1,100,1191089,1191109,20
node0_4693,node0,node2,100,1191089,1191109,20
node0_4694,node0,node3,100,1191089,1191109,20
node0_4695,node0,node4,100,1191089,1191109,20
node0_4696,node0,node1,100,1191465,1191483,18
node0_4697,node0,node2,100,1191465,1191483,18
node0_4698,node0,node3,100,1191465,1191483,18
node0_4699,node0,node4,100,1191465,1191483,18
node0_4700,node0,node1,100,1193583,1193601,18
node0_4701,node0,node2,100,1193583,1193601,18
node0_4702,node0,node3,100,1193583,1193601,18
node0_4703,node0,node4,100,1193583,1193601,18
node0_4704,node0,node1,100,1194008,1194027,19
node0_4705,node0,node2,100,1194008,1194027,19
node0_4706,node0,node3,100,1194008,1194027,19
node0_4707,node0,node4,100,1194008,1194027,19
node0_4708,node0,node1,100,1195080,1195099,19
node0_4709,node0,node2,100,1195080,1195099,19
node0_4710,node0,node3,100,1195080,1195099,19
node0_4711,node0,node4,100,1195080,1195099,19
node0_4712,node0,node1,100,1200550,1200568,18
node0_4713,node0,node2,100,1200550,1200568,18
node0_4714,node0,node3,100,1200550,1200568,18
node0_4715,node0,node4,100,1200550,1200568,18
node0_4716,node0,node1,100,1202029,1202048,19
node0_4717,node0,node2,100,1202029,1202048,19
node0_4718,node0,node3,100,1202029,1202048,19
node0_4719,node0,node4,100,1202029,1202048,19
node0_4720,node0,node1,100,1202086,1202105,19
node0_4721,node0,node2,100,1202086,1202105,19
node0_4722,node0,node3,100,1202086,1202105,19
node0_4723,node0,node4,100,1202086,1202105,19
node0_4724,node0,node1,100,1202657,1202676,19
node0_4725,node0,node2,100,1202657,1202676,19
node0_4726,node0,node3,100,1202657,1202676,19
node0_4727,node0,node4,100,1202657,1202676,19
node0_4728,node0,node1,100,1203129,1203148,19
node0_4729,node0,node2,100,1203129,1203148,19
node0_4730,node0,node3,100,1203129,1203148,19
node0_4731,node0,node4,100,1203129,1203148,19
node0_4732,node0,node1,100,1203477,1203496,19
node0_4733,node0,node2,100,1203477,1203496,19
node0_4734,node0,node3,100,1203477,1203496,19
node0_4735,node0,node4,100,1203477,1203496,19
node0_4736,node0,node1,100,1205171,1205190,19
node0_4737,node0,node2,100,1205171,1205190,19
node0_4738,node0,node3,100,1205171,1205190,19
node0_4739,node0,node4,100,1205171,1205190,19
node0_4740,node0,node1,100,1205752,1205770,18
node0_4741,node0,node2,100,1205752,1205770,18
node0_4742,node0,node3,100,1205752,1205770,18
node0_4743,node0,node4,100,1205752,1205770,18
node0_4744,node0,node1,100,1206954,1206974,20
node0_4745,node0,node2,100,1206954,1206974,20
node0_4746,node0,node3,100,1206954,1206974,20
node0_4747,node0,node4,100,1206954,1206974,20
node0_4748,node0,node1,100,1207961,1207979,18
node0_4749,node0,node2,100,1207961,1207979,18
node0_4750,node0,node3,100,1207961,1207979,18
node0_4751,node0,node4,100,1207961,1207979,18
node0_4752,node0,node1,100,1208693,1208711,18
node0_4753,node0,node2,100,1208693,1208711,18
node0_4754,node0,node3,100,1208693,1208711,18
node0_4755,node0,node4,100,1208693,1208711,18
node0_4756,node0,node1,100,1208751,1208771,20
node0_4757,node0,node2,100,1208751,1208771,20
node0_4758,node0,node3,100,1208751,1208771,20
node0_4759,node0,node4,100,1208751,1208771,20
node0_4760,node0,node1,100,1209869,1209888,19
node0_4761,node0,node2,100,1209869,1209888,19
node0_4762,node0,node3,100,1209869,1209888,19
node0_4763,node0,node4,100,1209869,1209888,19
node0_4764,node0,node1,100,1212089,1212108,19
node0_4765,node0,node2,100,1212089,1212108,19
node0_4766,node0,node3,100,1212089,1212108,19
node0_4767,node0,node4,100,1212089,1212108,19
node0_4768,node0,node1,100,1212278,1212297,19
node0_4769,node0,node2,100,1212278,1212297,19
node0_4770,node0,node3,100,1212278,1212297,19
node0_4771,node0,node4,100,1212278,1212297,19
node0_4772,node0,node1,100,1213307,1213327,20
node0_4773,node0,node2,100,1213307,1213327,20
node0_4774,node0,node3,100,1213307,1213327,20
node0_4775,node0,node4,100,1213307,1213327,20
node0_4776,node0,node1,100,1213975,1213993,18
node0_4777,node0,node2,100,1213975,1213993,18
node0_4778,node0,node3,100,1213975,1213993,18
node0_4779,node0,node4,100,1213975,1213993,18
node0_4780,node0,node1,100,1214392,1214410,18
node0_4781,node0,node2,100,1214392,1214410,18
node0_4782,node0,node3,100,1214392,1214410,18
node0_4783,node0,node4,100,1214392,1214410,18
node0_4784,node0,node1,100,1215632,1215652,20
node0_4785,node0,node2,100,1215632,1215652,20
node0_4786,node0,node3,100,1215632,1215652,20
node0_4787,node0,node4,100,1215632,1215652,20
node0_4788,node0,node1,100,1219329,1219348,19
node0_4789,node0,node2,100,1219329,1219348,19
node0_4790,node0,node3,100,1219329,1219348,19
node0_4791,node0,node4,100,1219329,1219348,19
node0_4792,node0,node1,100,1219350,1219368,18
node0_4793,node0,node2,100,1219350,1219368,18
node0_4794,node0,node3,100,1219350,1219368,18
node0_4795,node0,node4,100,1219350,1219368,18
node0_4796,node0,node1,100,1221626,1221645,19
node0_4797,node0,node2,100,1221626,1221645,19
node0_4798,node0,node3,100,1221626,1221645,19
node0_4799,node0,node4,100,1221626,1221645,19
node0_4800,node0,node1,100,1222110,1222129,19
node0_4801,node0,node2,100,1222110,1222129,19
node0_4802,node0,node3,100,1222110,1222129,19
node0_4803,node0,node4,100,1222110,1222129,19
node0_4804,node0,node1,100,1223905,1223924,19
node0_4805,node0,node2,100,1223905,1223924,19
node0_4806,node0,node3,100,1223905,1223924,19
node0_4807,node0,node4,100,1223905,1223924,19
node0_4808,node0,node1,100,1224097,1224117,20
node0_4809,node0,node2,100,1224097,1224117,20
node0_4810,node0,node3,100,1224097,1224117,20
node0_4811,node0,node4,100,1224097,1224117,20
node0_4812,node0,node1,100,1225357,1225375,18
node0_4813,node0,node2,100,1225357,1225375,18
node0_4814,node0,node3,100,1225357,1225375,18
node0_4815,node0,node4,100,1225357,1225375,18
node0_4816,node0,node1,100,1225462,1225480,18
node0_4817,node0,node2,100,1225462,1225480,18
node0_4818,node0,node3,100,1225462,1225480,18
node0_4819,node0,node4,100,1225462,1225480,18
node0_4820,node0,node1,100,1225871,1225889,18
node0_4821,node0,node2,100,1225871,1225889,18
node0_4822,node0,node3,100,1225871,1225889,18
node0_4823,node0,node4,100,1225871,1225889,18
node0_4824,node0,node1,100,1229375,1229395,20
node0_4825,node0,node2,100,1229375,1229395,20
node0_4826,node0,node3,100,1229375,1229395,20
node0_4827,node0,node4,100,1229375,1229395,20
node0_4828,node0,node1,100,1230444,1230463,19
node0_4829,node0,node2,100,1230444,1230463,19
node0_4830,node0,node3,100,1230444,1230463,19
node0_4831,node0,node4,100,1230444,1230463,19
node0_4832,node0,node1,100,1231979,1231998,19
node0_4833,node0,node2,100,1231979,1231998,19
node0_4834,node0,node3,100,1231979,1231998,19
node0_4835,node0,node4,100,1231979,1231998,19
node0_4836,node0,node1,100,1232597,1232616,19
node0_4837,node0,node2,100,1232597,1232616,19
node0_4838,node0,node3,100,1232597,1232616,19
node0_4839,node0,node4,100,1232597,1232616,19
node0_4840,node0,node1,100,1233234,1233252,18
node0_4841,node0,node2,100,1233234,1233252,18
node0_4842,node0,node3,100,1233234,1233252,18
node0_4843,node0,node4,100,1233234,1233252,18
node0_4844,node0,node1,100,1233913,1233932,19
node0_4845,node0,node2,100,1233913,1233932,19
node0_4846,node0,node3,100,1233913,1233932,19
node0_4847,node0,node4,100,1233913,1233932,19
node0_4848,node0,node1,100,1235396,1235415,19
node0_4849,node0,node2,100,1235396,1235415,19
node0_4850,node0,node3,100,1235396,1235415,19
node0_4851,node0,node4,100,1235396,1235415,19
node0_4852,node0,node1,100,1236681,1236699,18
node0_4853,node0,node2,100,1236681,1236699,18
node0_4854,node0,node3,100,1236681,1236699,18
node0_4855,node0,node4,100,1236681,1236699,18
node0_4856,node0,node1,100,1236896,1236914,18
node0_4857,node0,node2,100,1236896,1236914,18
node0_4858,node0,node3,100,1236896,1236914,18
node0_4859,node0,node4,100,1236896,1236914,18
node0_4860,node0,node1,100,1237477,1237496,19
node0_4861,node0,node2,100,1237477,1237496,19
node0_4862,node0,node3,100,1237477,1237496,19
node0_4863,node0,node4,100,1237477,1237496,19
node0_4864,node0,node1,100,1238258,1238276,18
node0_4865,node0,node2,100,1238258,1238276,18
node0_4866,node0,node3,100,1238258,1238276,18
node0_4867,node0,node4,100,1238258,1238276,18
node0_4868,node0,node1,100,1239106,1239125,19
node0_4869,node0,node2,100,1239106,1239125,19
node0_4870,node0,node3,100,1239106,1239125,19
node0_4871,node0,node4,100,1239106,1239125,19
node0_4872,node0,node1,100,1241720,1241740,20
node0_4873,node0,node2,100,1241720,1241740,20
node0_4874,node0,node3,100,1241720,1241740,20
node0_4875,node0,node4,100,1241720,1241740,20
node0_4876,node0,node1,100,1243551,1243570,19
node0_4877,node0,node2,100,1243551,1243570,19
node0_4878,node0,node3,100,1243551,1243570,19
node0_4879,node0,node4,100,1243551,1243570,19
node0_4880,node0,node1,100,1243713,1243731,18
node0_4881,node0,node2,100,1243713,1243731,18
node0_4882,node0,node3,100,1243713,1243731,18
node0_4883,node0,node4,100,1243713,1243731,18
node0_4884,node0,node1,100,1244185,1244204,19
node0_4885,node0,node2,100,1244185,1244204,19
node0_4886,node0,node3,100,1244185,1244204,19
node0_4887,node0,node4,100,1244185,1244204,19
node0_4888,node0,node1,100,1244300,1244319,19
node0_4889,node0,node2,100,1244300,1244319,19
node0_4890,node0,node3,100,1244300,1244319,19
node0_4891,node0,node4,100,1244300,1244319,19
node0_4892,node0,node1,100,1244327,1244346,19
node0_4893,node0,node2,100,1244327,1244346,19
node0_4894,node0,node3,100,1244327,1244346,19
node0_4895,node0,node4,100,1244327,1244346,19
node0_4896,node0,node1,100,1244404,1244422,18
node0_4897,node0,node2,100,1244404,1244422,18
node0_4898,node0,node3,100,1244404,1244422,18
node0_4899,node0,node4,100,1244404,1244422,18
node0_4900,node0,node1,100,1244606,1244625,19
node0_4901,node0,node2,100,1244606,1244625,19
node0_4902,node0,node3,100,1244606,1244625,19
node0_4903,node0,node4,100,1244606,1244625,19
node0_4904,node0,node1,100,1246059,1246077,18
node0_4905,node0,node2,100,1246059,1246077,18
node0_4906,node0,node3,100,1246059,1246077,18
node0_4907,node0,node4,100,1246059,1246077,18
node0_4908,node0,node1,100,1247159,1247177,18
node0_4909,node0,node2,100,1247159,1247177,18
node0_4910,node0,node3,100,1247159,1247177,18
node0_4911,node0,node4,100,1247159,1247177,18
node0_4912,node0,node1,100,1248758,1248777,19
node0_4913,node0,node2,100,1248758,1248777,19
node0_4914,node0,node3,100,1248758,1248777,19
node0_4915,node0,node4,100,1248758,1248777,19
node0_4916,node0,node1,100,1249099,1249118,19
node0_4917,node0,node2,100,1249099,1249118,19
node0_4918,node0,node3,100,1249099,1249118,19
node0_4919,node0,node4,100,1249099,1249118,19
node0_4920,node0,node1,100,1249268,1249287,19
node0_4921,node0,node2,100,1249268,1249287,19
node0_4922,node0,node3,100,1249268,1249287,19
node0_4923,node0,node4,100,1249268,1249287,19
node0_4924,node0,node1,100,1252847,1252867,20
node0_4925,node0,node2,100,1252847,1252867,20
node0_4926,node0,node3,100,1252847,1252867,20
node0_4927,node0,node4,100,1252847,1252867,20
node0_4928,node0,node1,100,1254596,1254615,19
node0_4929,node0,node2,100,1254596,1254615,19
node0_4930,node0,node3,100,1254596,1254615,19
node0_4931,node0,node4,100,1254596,1254615,19
node0_4932,node0,node1,100,1257529,1257547,18
node0_4933,node0,node2,100,1257529,1257547,18
node0_4934,node0,node3,100,1257529,1257547,18
node0_4935,node0,node4,100,1257529,1257547,18
node0_4936,node0,node1,100,1257548,1257566,18
node0_4937,node0,node2,100,1257548,1257566,18
node0_4938,node0,node3,100,1257548,1257566,18
node0_4939,node0,node4,100,1257548,1257566,18
node0_4940,node0,node1,100,1258053,1258072,19
node0_4941,node0,node2,100,1258053,1258072,19
node0_4942,node0,node3,100,1258053,1258072,19
node0_4943,node0,node4,100,1258053,1258072,19
node0_4944,node0,node1,100,1259058,1259077,19
node0_4945,node0,node2,100,1259058,1259077,19
node0_4946,node0,node3,100,1259058,1259077,19
node0_4947,node0,node4,100,1259058,1259077,19
node0_4948,node0,node1,100,1260390,1260409,19
node0_4949,node0,node2,100,1260390,1260409,19
node0_4950,node0,node3,100,1260390,1260409,19
node0_4951,node0,node4,100,1260390,1260409,19
node0_4952,node0,node1,100,1262828,1262848,20
node0_4953,node0,node2,100,1262828,1262848,20
node0_4954,node0,node3,100,1262828,1262848,20
node0_4955,node0,node4,100,1262828,1262848,20
node0_4956,node0,node1,100,1263599,1263617,18
node0_4957,node0,node2,100,1263599,1263617,18
node0_4958,node0,node3,100,1263599,1263617,18
node0_4959,node0,node4,100,1263599,1263617,18
node0_4960,node0,node1,100,1264095,1264114,19
node0_4961,node0,node2,100,1264095,1264114,19
node0_4962,node0,node3,100,1264095,1264114,19
node0_4963,node0,node4,100,1264095,1264114,19
node0_4964,node0,node1,100,1264114,1264134,20
node0_4965,node0,node2,100,1264114,1264134,20
node0_4966,node0,node3,100,1264114,1264134,20
node0_4967,node0,node4,100,1264114,1264134,20
node0_4968,node0,node1,100,1265729,1265747,18
node0_4969,node0,node2,100,1265729,1265747,18
node0_4970,node0,node3,100,1265729,1265747,18
node0_4971,node0,node4,100,1265729,1265747,18
node0_4972,node0,node1,100,1269755,1269773,18
node0_4973,node0,node2,100,1269755,1269773,18
node0_4974,node0,node3,100,1269755,1269773,18
node0_4975,node0,node4,100,1269755,1269773,18
node0_4976,node0,node1,100,1272133,1272152,19
node0_4977,node0,node2,100,1272133,1272152,19
node0_4978,node0,node3,100,1272133,1272152,19
node0_4979,node0,node4,100,1272133,1272152,19
node0_4980,node0,node1,100,1273219,1273238,19
node0_4981,node0,node2,100,1273219,1273238,19
node0_4982,node0,node3,100,1273219,1273238,19
node0_4983,node0,node4,100,1273219,1273238,19
node0_4984,node0,node1,100,1273638,1273657,19
node0_4985,node0,node2,100,1273638,1273657,19
node0_4986,node0,node3,100,1273638,1273657,19
node0_4987,node0,node4,100,1273638,1273657,19
node0_4988,node0,node1,100,1273911,1273929,18
node0_4989,node0,node2,100,1273911,1273929,18
node0_4990,node0,node3,100,1273911,1273929,18
node0_4991,node0,node4,100,1273911,1273929,18
node0_4992,node0,node1,100,1275403,1275423,20
node0_4993,node0,node2,100,1275403,1275423,20
node0_4994,node0,node3,100,1275403,1275423,20
node0_4995,node0,node4,100,1275403,1275423,20
node0_4996,node0,node1,100,1278143,1278162,19
node0_4997,node0,node2,100,1278143,1278162,19
node0_4998,node0,node3,100,1278143,1278162,19
node0_4999,node0,node4,100,1278143,1278162,19
node0_5000,node0,node1,100,1281370,1281388,18
node0_5001,node0,node2,100,1281370,1281388,18
node0_5002,node0,node3,100,1281370,1281388,18
node0_5003,node0,node4,100,1281370,1281388,18
node0_5004,node0,node1,100,1281563,1281582,19
node0_5005,node0,node2,100,1281563,1281582,19
node0_5006,node0,node3,100,1281563,1281582,19
node0_5007,node0,node4,100,1281563,1281582,19
node0_5008,node0,node1,100,1282443,1282461,18
node0_5009,node0,node2,100,1282443,1282461,18
node0_5010,node0,node3,100,1282443,1282461,18
node0_5011,node0,node4,100,1282443,1282461,18
node0_5012,node0,node1,100,1283163,1283181,18
node0_5013,node0,node2,100,1283163,1283181,18
node0_5014,node0,node3,100,1283163,1283181,18
node0_5015,node0,node4,100,1283163,1283181,18
node0_5016,node0,node1,100,1283721,1283741,20
node0_5017,node0,node2,100,1283721,1283741,20
node0_5018,node0,node3,100,1283721,1283741,20
node0_5019,node0,node4,100,1283721,1283741,20
node0_5020,node0,node1,100,1285303,1285322,19
node0_5021,node0,node2,100,1285303,1285322,19
node0_5022,node0,node3,100,1285303,1285322,19
node0_5023,node0,node4,100,1285303,1285322,19
node0_5024,node0,node1,100,1288048,1288066,18
node0_5025,node0,node2,100,1288048,1288066,18
node0_5026,node0,node3,100,1288048,1288066,18
node0_5027,node0,node4,100,1288048,1288066,18
node0_5028,node0,node1,100,1289338,1289358,20
node0_5029,node0,node2,100,1289338,1289358,20
node0_5030,node0,node3,100,1289338,1289358,20
node0_5031,node0,node4,100,1289338,1289358,20
node0_5032,node0,node1,100,1290543,1290562,19
node0_5033,node0,node2,100,1290543,1290562,19
node0_5034,node0,node3,100,1290543,1290562,19
node0_5035,node0,node4,100,1290543,1290562,19
node0_5036,node0,node1,100,1291716,1291735,19
node0_5037,node0,node2,100,1291716,1291735,19
node0_5038,node0,node3,100,1291716,1291735,19
node0_5039,node0,node4,100,1291716,1291735,19
node0_5040,node0,node1,100,1292776,1292796,20
node0_5041,node0,node2,100,1292776,1292796,20
node0_5042,node0,node3,100,1292776,1292796,20
node0_5043,node0,node4,100,1292776,1292796,20
node0_5044,node0,node1,100,1293545,1293563,18
node0_5045,node0,node2,100,1293545,1293563,18
node0_5046,node0,node3,100,1293545,1293563,18
node0_5047,node0,node4,100,1293545,1293563,18
node0_5048,node0,node1,100,1293830,1293848,18
node0_5049,node0,node2,100,1293830,1293848,18
node0_5050,node0,node3,100,1293830,1293848,18
node0_5051,node0,node4,100,1293830,1293848,18
node0_5052,node0,node1,100,1295342,1295360,18
node0_5053,node0,node2,100,1295342,1295360,18
node0_5054,node0,node3,100,1295342,1295360,18
node0_5055,node0,node4,100,1295342,1295360,18
node0_5056,node0,node1,100,1295469,1295489,20
node0_5057,node0,node2,100,1295469,1295489,20
node0_5058,node0,node3,100,1295469,1295489,20
node0_5059,node0,node4,100,1295469,1295489,20
node0_5060,node0,node1,100,1296501,1296519,18
node0_5061,node0,node2,100,1296501,1296519,18
node0_5062,node0,node3,100,1296501,1296519,18
node0_5063,node0,node4,100,1296501,1296519,18
node0_5064,node0,node1,100,1296991,1297010,19
node0_5065,node0,node2,100,1296991,1297010,19
node0_5066,node0,node3,100,1296991,1297010,19
node0_5067,node0,node4,100,1296991,1297010,19
node0_5068,node0,node1,100,1297812,1297832,20
node0_5069,node0,node2,100,1297812,1297832,20
node0_5070,node0,node3,100,1297812,1297832,20
node0_5071,node0,node4,100,1297812,1297832,20
node0_5072,node0,node1,100,1298837,1298855,18
node0_5073,node0,node2,100,1298837,1298855,18
node0_5074,node0,node3,100,1298837,1298855,18
node0_5075,node0,node4,100,1298837,1298855,18
node0_5076,node0,node1,100,1299489,1299507,18
node0_5077,node0,node2,100,1299489,1299507,18
node0_5078,node0,node3,100,1299489,1299507,18
node0_5079,node0,node4,100,1299489,1299507,18
node0_5080,node0,node1,100,1303310,1303329,19
node0_5081,node0,node2,100,1303310,1303329,19
node0_5082,node0,node3,100,1303310,1303329,19
node0_5083,node0,node4,100,1303310,1303329,19
node0_5084,node0,node1,100,1303584,1303603,19
node0_5085,node0,node2,100,1303584,1303603,19
node0_5086,node0,node3,100,1303584,1303603,19
node0_5087,node0,node4,100,1303584,1303603,19
node0_5088,node0,node1,100,1303603,1303622,19
node0_5089,node0,node2,100,1303603,1303622,19
node0_5090,node0,node3,100,1303603,1303622,19
node0_5091,node0,node4,100,1303603,1303622,19
node0_5092,node0,node1,100,1306703,1306723,20
node0_5093,node0,node2,100,1306703,1306723,20
node0_5094,node0,node3,100,1306703,1306723,20
node0_5095,node0,node4,100,1306703,1306723,20
node0_5096,node0,node1,100,1307077,1307096,19
node0_5097,node0,node2,100,1307077,1307096,19
node0_5098,node0,node3,100,1307077,1307096,19
node0_5099,node0,node4,100,1307077,1307096,19
node0_5100,node0,node1,100,1307402,1307420,18
node0_5101,node0,node2,100,1307402,1307420,18
node0_5102,node0,node3,100,1307402,1307420,18
node0_5103,node0,node4,100,1307402,1307420,18
node0_5104,node0,node1,100,1307940,1307959,19
node0_5105,node0,node2,100,1307940,1307959,19
node0_5106,node0,node3,100,1307940,1307959,19
node0_5107,node0,node4,100,1307940,1307959,19
node0_5108,node0,node1,100,1308843,1308862,19
node0_5109,node0,node2,100,1308843,1308862,19
node0_5110,node0,node3,100,1308843,1308862,19
node0_5111,node0,node4,100,1308843,1308862,19
node0_5112,node0,node1,100,1313120,1313138,18
node0_5113,node0,node2,100,1313120,1313138,18
node0_5114,node0,node3,100,1313120,1313138,18
node0_5115,node0,node4,100,1313120,1313138,18
node0_5116,node0,node1,100,1314350,1314369,19
node0_5117,node0,node2,100,1314350,1314369,19
node0_5118,node0,node3,100,1314350,1314369,19
node0_5119,node0,node4,100,1314350,1314369,19
node0_5120,node0,node1,100,1314733,1314753,20
node0_5121,node0,node2,100,1314733,1314753,20
node0_5122,node0,node3,100,1314733,1314753,20
node0_5123,node0,node4,100,1314733,1314753,20
node0_5124,node0,node1,100,1315498,1315517,19
node0_5125,node0,node2,100,1315498,1315517,19
node0_5126,node0,node3,100,1315498,1315517,19
node0_5127,node0,node4,100,1315498,1315517,19
node0_5128,node0,node1,100,1316093,1316111,18
node0_5129,node0,node2,100,1316093,1316111,18
node0_5130,node0,node3,100,1316093,1316111,18
node0_5131,node0,node4,100,1316093,1316111,18
node0_5132,node0,node1,100,1316790,1316810,20
node0_5133,node0,node2,100,1316790,1316810,20
node0_5134,node0,node3,100,1316790,1316810,20
node0_5135,node0,node4,100,1316790,1316810,20
node0_5136,node0,node1,100,1317330,1317348,18
node0_5137,node0,node2,100,1317330,1317348,18
node0_5138,node0,node3,100,1317330,1317348,18
node0_5139,node0,node4,100,1317330,1317348,18
node0_5140,node0,node1,100,1317514,1317533,19
node0_5141,node0,node2,100,1317514,1317533,19
node0_5142,node0,node3,100,1317514,1317533,19
node0_5143,node0,node4,100,1317514,1317533,19
node0_5144,node0,node1,100,1318017,1318036,19
node0_5145,node0,node2,100,1318017,1318036,19
node0_5146,node0,node3,100,1318017,1318036,19
node0_5147,node0,node4,100,1318017,1318036,19
node0_5148,node0,node1,100,1318510,1318529,19
node0_5149,node0,node2,100,1318510,1318529,19
node0_5150,node0,node3,100,1318510,1318529,19
node0_5151,node0,node4,100,1318510,1318529,19
node0_5152,node0,node1,100,1318734,1318753,19
node0_5153,node0,node2,100,1318734,1318753,19
node0_5154,node0,node3,100,1318734,1318753,19
node0_5155,node0,node4,100,1318734,1318753,19
node0_5156,node0,node1,100,1320432,1320451,19
node0_5157,node0,node2,100,1320432,1320451,19
node0_5158,node0,node3,100,1320432,1320451,19
node0_5159,node0,node4,100,1320432,1320451,19
node0_5160,node0,node1,100,1320878,1320898,20
node0_5161,node0,node2,100,1320878,1320898,20
node0_5162,node0,node3,100,1320878,1320898,20
node0_5163,node0,node4,100,1320878,1320898,20
node0_5164,node0,node1,100,1321042,1321060,18
node0_5165,node0,node2,100,1321042,1321060,18
node0_5166,node0,node3,100,1321042,1321060,18
node0_5167,node0,node4,100,1321042,1321060,18
node0_5168,node0,node1,100,1321879,1321898,19
node0_5169,node0,node2,100,1321879,1321898,19
node0_5170,node0,node3,100,1321879,1321898,19
node0_5171,node0,node4,100,1321879,1321898,19
node0_5172,node0,node1,100,1323742,1323761,19
node0_5173,node0,node2,100,1323742,1323761,19
node0_5174,node0,node3,100,1323742,1323761,19
node0_5175,node0,node4,100,1323742,1323761,19
node0_5176,node0,node1,100,1325259,1325278,19
node0_5177,node0,node2,100,1325259,1325278,19
node0_5178,node0,node3,100,1325259,1325278,19
node0_5179,node0,node4,100,1325259,1325278,19
node0_5180,node0,node1,100,1326232,1326251,19
node0_5181,node0,node2,100,1326232,1326251,19
node0_5182,node0,node3,100,1326232,1326251,19
node0_5183,node0,node4,100,1326232,1326251,19
node0_5184,node0,node1,100,1327545,1327564,19
node0_5185,node0,node2,100,1327545,1327564,19
node0_5186,node0,node3,100,1327545,1327564,19
node0_5187,node0,node4,100,1327545,1327564,19
node0_5188,node0,node1,100,1327955,1327974,19
node0_5189,node0,node2,100,1327955,1327974,19
node0_5190,node0,node3,100,1327955,1327974,19
node0_5191,node0,node4,100,1327955,1327974,19
node0_5192,node0,node1,100,1328109,1328128,19
node0_5193,node0,node2,100,1328109,1328128,19
node0_5194,node0,node3,100,1328109,1328128,19
node0_5195,node0,node4,100,1328109,1328128,19
node0_5196,node0,node1,100,1328403,1328422,19
node0_5197,node0,node2,100,1328403,1328422,19
node0_5198,node0,node3,100,1328403,1328422,19
node0_5199,node0,node4,100,1328403,1328422,19
node0_5200,node0,node1,100,1328833,1328852,19
node0_5201,node0,node2,100,1328833,1328852,19
node0_5202,node0,node3,100,1328833,1328852,19
node0_5203,node0,node4,100,1328833,1328852,19
node0_5204,node0,node1,100,1329160,1329178,18
node0_5205,node0,node2,100,1329160,1329178,18
node0_5206,node0,node3,100,1329160,1329178,18
node0_5207,node0,node4,100,1329160,1329178,18
node0_5208,node0,node1,100,1329791,1329811,20
node0_5209,node0,node2,100,1329791,1329811,20
node0_5210,node0,node3,100,1329791,1329811,20
node0_5211,node0,node4,100,1329791,1329811,20
node0_5212,node0,node1,100,1329952,1329970,18
node0_5213,node0,node2,100,1329952,1329970,18
node0_5214,node0,node3,100,1329952,1329970,18
node0_5215,node0,node4,100,1329952,1329970,18
node0_5216,node0,node1,100,1330092,1330111,19
node0_5217,node0,node2,100,1330092,1330111,19
node0_5218,node0,node3,100,1330092,1330111,19
node0_5219,node0,node4,100,1330092,1330111,19
node0_5220,node0,node1,100,1330383,1330401,18
node0_5221,node0,node2,100,1330383,1330401,18
node0_5222,node0,node3,100,1330383,1330401,18
node0_5223,node0,node4,100,1330383,1330401,18
node0_5224,node0,node1,100,1330602,1330622,20
node0_5225,node0,node2,100,1330602,1330622,20
node0_5226,node0,node3,100,1330602,1330622,20
node0_5227,node0,node4,100,1330602,1330622,20
node0_5228,node0,node1,100,1332220,1332239,19
node0_5229,node0,node2,100,1332220,1332239,19
node0_5230,node0,node3,100,1332220,1332239,19
node0_5231,node0,node4,100,1332220,1332239,19
node0_5232,node0,node1,100,1332991,1333009,18
node0_5233,node0,node2,100,1332991,1333009,18
node0_5234,node0,node3,100,1332991,1333009,18
node0_5235,node0,node4,100,1332991,1333009,18
node0_5236,node0,node1,100,1333212,1333231,19
node0_5237,node0,node2,100,1333212,1333231,19
node0_5238,node0,node3,100,1333212,1333231,19
node0_5239,node0,node4,100,1333212,1333231,19
node0_5240,node0,node1,100,1333773,1333791,18
node0_5241,node0,node2,100,1333773,1333791,18
node0_5242,node0,node3,100,1333773,1333791,18
node0_5243,node0,node4,100,1333773,1333791,18
node0_5244,node0,node1,100,1335828,1335846,18
node0_5245,node0,node2,100,1335828,1335846,18
node0_5246,node0,node3,100,1335828,1335846,18
node0_5247,node0,node4,100,1335828,1335846,18
node0_5248,node0,node1,100,1336690,1336710,20
node0_5249,node0,node2,100,1336690,1336710,20
node0_5250,node0,node3,100,1336690,1336710,20
node0_5251,node0,node4,100,1336690,1336710,20
node0_5252,node0,node1,100,1337497,1337515,18
node0_5253,node0,node2,100,1337497,1337515,18
node0_5254,node0,node3,100,1337497,1337515,18
node0_5255,node0,node4,100,1337497,1337515,18
node0_5256,node0,node1,100,1337994,1338013,19
node0_5257,node0,node2,100,1337994,1338013,19
node0_5258,node0,node3,100,1337994,1338013,19
node0_5259,node0,node4,100,1337994,1338013,19
node0_5260,node0,node1,100,1338212,1338232,20
node0_5261,node0,node2,100,1338212,1338232,20
node0_5262,node0,node3,100,1338212,1338232,20
node0_5263,node0,node4,100,1338212,1338232,20
node0_5264,node0,node1,100,1339194,1339213,19
node0_5265,node0,node2,100,1339194,1339213,19
node0_5266,node0,node3,100,1339194,1339213,19
node0_5267,node0,node4,100,1339194,1339213,19
node0_5268,node0,node1,100,1339274,1339293,19
node0_5269,node0,node2,100,1339274,1339293,19
node0_5270,node0,node3,100,1339274,1339293,19
node0_5271,node0,node4,100,1339274,1339293,19
node0_5272,node0,node1,100,1340816,1340834,18
node0_5273,node0,node2,100,1340816,1340834,18
node0_5274,node0,node3,100,1340816,1340834,18
node0_5275,node0,node4,100,1340816,1340834,18
node0_5276,node0,node1,100,1340876,1340896,20
node0_5277,node0,node2,100,1340876,1340896,20
node0_5278,node0,node3,100,1340876,1340896,20
node0_5279,node0,node4,100,1340876,1340896,20
node0_5280,node0,node1,100,1342248,1342267,19
node0_5281,node0,node2,100,1342248,1342267,19
node0_5282,node0,node3,100,1342248,1342267,19
node0_5283,node0,node4,100,1342248,1342267,19
node0_5284,node0,node1,100,1342730,1342749,19
node0_5285,node0,node2,100,1342730,1342749,19
node0_5286,node0,node3,100,1342730,1342749,19
node0_5287,node0,node4,100,1342730,1342749,19
node0_5288,node0,node1,100,1343877,1343897,20
node0_5289,node0,node2,100,1343877,1343897,20
node0_5290,node0,node3,100,1343877,1343897,20
node0_5291,node0,node4,100,1343877,1343897,20
node0_5292,node0,node1,100,1344771,1344790,19
node0_5293,node0,node2,100,1344771,1344790,19
node0_5294,node0,node3,100,1344771,1344790,19
node0_5295,node0,node4,100,1344771,1344790,19
node0_5296,node0,node1,100,1344909,1344927,18
node0_5297,node0,node2,100,1344909,1344927,18
node0_5298,node0,node3,100,1344909,1344927,18
node0_5299,node0,node4,100,1344909,1344927,18
node0_5300,node0,node1,100,1345682,1345701,19
node0_5301,node0,node2,100,1345682,1345701,19
node0_5302,node0,node3,100,1345682,1345701,19
node0_5303,node0,node4,100,1345682,1345701,19
node0_5304,node0,node1,100,1345759,1345777,18
node0_5305,node0,node2,100,1345759,1345777,18
node0_5306,node0,node3,100,1345759,1345777,18
node0_5307,node0,node4,100,1345759,1345777,18
node0_5308,node0,node1,100,1346036,1346055,19
node0_5309,node0,node2,100,1346036,1346055,19
node0_5310,node0,node3,100,1346036,1346055,19
node0_5311,node0,node4,100,1346036,1346055,19
node0_5312,node0,node1,100,1346516,1346535,19
node0_5313,node0,node2,100,1346516,1346535,19
node0_5314,node0,node3,100,1346516,1346535,19
node0_5315,node0,node4,100,1346516,1346535,19
node0_5316,node0,node1,100,1346853,1346872,19
node0_5317,node0,node2,100,1346853,1346872,19
node0_5318,node0,node3,100,1346853,1346872,19
node0_5319,node0,node4,100,1346853,1346872,19
node0_5320,node0,node1,100,1347937,1347956,19
node0_5321,node0,node2,100,1347937,1347956,19
node0_5322,node0,node3,100,1347937,1347956,19
node0_5323,node0,node4,100,1347937,1347956,19
node0_5324,node0,node1,100,1352267,1352286,19
node0_5325,node0,node2,100,1352267,1352286,19
node0_5326,node0,node3,100,1352267,1352286,19
node0_5327,node0,node4,100,1352267,1352286,19
node0_5328,node0,node1,100,1352708,1352727,19
node0_5329,node0,node2,100,1352708,1352727,19
node0_5330,node0,node3,100,1352708,1352727,19
node0_5331,node0,node4,100,1352708,1352727,19
node0_5332,node0,node1,100,1354532,1354550,18
node0_5333,node0,node2,100,1354532,1354550,18
node0_5334,node0,node3,100,1354532,1354550,18
node0_5335,node0,node4,100,1354532,1354550,18
node0_5336,node0,node1,100,1354787,1354805,18
node0_5337,node0,node2,100,1354787,1354805,18
node0_5338,node0,node3,100,1354787,1354805,18
node0_5339,node0,node4,100,1354787,1354805,18
node0_5340,node0,node1,100,1356023,1356043,20
node0_5341,node0,node2,100,1356023,1356043,20
node0_5342,node0,node3,100,1356023,1356043,20
node0_5343,node0,node4,100,1356023,1356043,20
node0_5344,node0,node1,100,1356450,1356469,19
node0_5345,node0,node2,100,1356450,1356469,19
node0_5346,node0,node3,100,1356450,1356469,19
node0_5347,node0,node4,100,1356450,1356469,19
node0_5348,node0,node1,100,1357216,1357234,18
node0_5349,node0,node2,100,1357216,1357234,18
node0_5350,node0,node3,100,1357216,1357234,18
node0_5351,node0,node4,100,1357216,1357234,18
node0_5352,node0,node1,100,1357309,1357328,19
node0_5353,node0,node2,100,1357309,1357328,19
node0_5354,node0,node3,100,1357309,1357328,19
node0_5355,node0,node4,100,1357309,1357328,19
node0_5356,node0,node1,100,1359066,1359085,19
node0_5357,node0,node2,100,1359066,1359085,19
node0_5358,node0,node3,100,1359066,1359085,19
node0_5359,node0,node4,100,1359066,1359085,19
node0_5360,node0,node1,100,1359300,1359319,19
node0_5361,node0,node2,100,1359300,1359319,19
node0_5362,node0,node3,100,1359300,1359319,19
node0_5363,node0,node4,100,1359300,1359319,19
node0_5364,node0,node1,100,1359923,1359943,20
node0_5365,node0,node2,100,1359923,1359943,20
node0_5366,node0,node3,100,1359923,1359943,20
node0_5367,node0,node4,100,1359923,1359943,20
node0_5368,node0,node1,100,1360265,1360283,18
node0_5369,node0,node2,100,1360265,1360283,18
node0_5370,node0,node3,100,1360265,1360283,18
node0_5371,node0,node4,100,1360265,1360283,18
node0_5372,node0,node1,100,1361927,1361945,18
node0_5373,node0,node2,100,1361927,1361945,18
node0_5374,node0,node3,100,1361927,1361945,18
node0_5375,node0,node4,100,1361927,1361945,18
node0_5376,node0,node1,100,1362825,1362844,19
node0_5377,node0,node2,100,1362825,1362844,19
node0_5378,node0,node3,100,1362825,1362844,19
node0_5379,node0,node4,100,1362825,1362844,19
node0_5380,node0,node1,100,1363780,1363798,18
node0_5381,node0,node2,100,1363780,1363798,18
node0_5382,node0,node3,100,1363780,1363798,18
node0_5383,node0,node4,100,1363780,1363798,18
node0_5384,node0,node1,100,1365186,1365205,19
node0_5385,node0,node2,100,1365186,1365205,19
node0_5386,node0,node3,100,1365186,1365205,19
node0_5387,node0,node4,100,1365186,1365205,19
node0_5388,node0,node1,100,1365480,1365499,19
node0_5389,node0,node2,100,1365480,1365499,19
node0_5390,node0,node3,100,1365480,1365499,19
node0_5391,node0,node4,100,1365480,1365499,19
node0_5392,node0,node1,100,1365540,1365560,20
node0_5393,node0,node2,100,1365540,1365560,20
node0_5394,node0,node3,100,1365540,1365560,20
node0_5395,node0,node4,100,1365540,1365560,20
node0_5396,node0,node1,100,1367303,1367321,18
node0_5397,node0,node2,100,1367303,1367321,18
node0_5398,node0,node3,100,1367303,1367321,18
node0_5399,node0,node4,100,1367303,1367321,18
node0_5400,node0,node1,100,1367683,1367702,19
node0_5401,node0,node2,100,1367683,1367702,19
node0_5402,node0,node3,100,1367683,1367702,19
node0_5403,node0,node4,100,1367683,1367702,19
node0_5404,node0,node1,100,1369355,1369374,19
node0_5405,node0,node2,100,1369355,1369374,19
node0_5406,node0,node3,100,1369355,1369374,19
node0_5407,node0,node4,100,1369355,1369374,19
node0_5408,node0,node1,100,1372494,1372513,19
node0_5409,node0,node2,100,1372494,1372513,19
node0_5410,node0,node3,100,1372494,1372513,19
node0_5411,node0,node4,100,1372494,1372513,19
node0_5412,node0,node1,100,1373486,1373505,19
node0_5413,node0,node2,100,1373486,1373505,19
node0_5414,node0,node3,100,1373486,1373505,19
node0_5415,node0,node4,100,1373486,1373505,19
node0_5416,node0,node1,100,1373595,1373615,20
node0_5417,node0,node2,100,1373595,1373615,20
node0_5418,node0,node3,100,1373595,1373615,20
node0_5419,node0,node4,100,1373595,1373615,20
node0_5420,node0,node1,100,1375519,1375538,19
node0_5421,node0,node2,100,1375519,1375538,19
node0_5422,node0,node3,100,1375519,1375538,19
node0_5423,node0,node4,100,1375519,1375538,19
node0_5424,node0,node1,100,1376522,1376540,18
node0_5425,node0,node2,100,1376522,1376540,18
node0_5426,node0,node3,100,1376522,1376540,18
node0_5427,node0,node4,100,1376522,1376540,18
node0_5428,node0,node1,100,1376805,1376825,20
node0_5429,node0,node2,100,1376805,1376825,20
node0_5430,node0,node3,100,1376805,1376825,20
node0_5431,node0,node4,100,1376805,1376825,20
node0_5432,node0,node1,100,1377038,1377057,19
node0_5433,node0,node2,100,1377038,1377057,19
node0_5434,node0,node3,100,1377038,1377057,19
node0_5435,node0,node4,100,1377038,1377057,19
node0_5436,node0,node1,100,1377746,1377764,18
node0_5437,node0,node2,100,1377746,1377764,18
node0_5438,node0,node3,100,1377746,1377764,18
node0_5439,node0,node4,100,1377746,1377764,18
node0_5440,node0,node1,100,1377876,1377895,19
node0_5441,node0,node2,100,1377876,1377895,19
node0_5442,node0,node3,100,1377876,1377895,19
node0_5443,node0,node4,100,1377876,1377895,19
node0_5444,node0,node1,100,1380241,1380261,20
node0_5445,node0,node2,100,1380241,1380261,20
node0_5446,node0,node3,100,1380241,1380261,20
node0_5447,node0,node4,100,1380241,1380261,20
node0_5448,node0,node1,100,1381471,1381489,18
node0_5449,node0,node2,100,1381471,1381489,18
node0_5450,node0,node3,100,1381471,1381489,18
node0_5451,node0,node4,100,1381471,1381489,18
node0_5452,node0,node1,100,1383182,1383201,19
node0_5453,node0,node2,100,1383182,1383201,19
node0_5454,node0,node3,100,1383182,1383201,19
node0_5455,node0,node4,100,1383182,1383201,19
node0_5456,node0,node1,100,1383666,1383685,19
node0_5457,node0,node2,100,1383666,1383685,19
node0_5458,node0,node3,100,1383666,1383685,19
node0_5459,node0,node4,100,1383666,1383685,19
node0_5460,node0,node1,100,1386233,1386252,19
node0_5461,node0,node2,100,1386233,1386252,19
node0_5462,node0,node3,100,1386233,1386252,19
node0_5463,node0,node4,100,1386233,1386252,19
node0_5464,node0,node1,100,1386376,1386394,18
node0_5465,node0,node2,100,1386376,1386394,18
node0_5466,node0,node3,100,1386376,1386394,18
node0_5467,node0,node4,100,1386376,1386394,18
node0_5468,node0,node1,100,1387636,1387655,19
node0_5469,node0,node2,100,1387636,1387655,19
node0_5470,node0,node3,100,1387636,1387655,19
node0_5471,node0,node4,100,1387636,1387655,19
node0_5472,node0,node1,100,1387930,1387949,19
node0_5473,node0,node2,100,1387930,1387949,19
node0_5474,node0,node3,100,1387930,1387949,19
node0_5475,node0,node4,100,1387930,1387949,19
node0_5476,node0,node1,100,1387949,1387968,19
node0_5477,node0,node2,100,1387949,1387968,19
node0_5478,node0,node3,100,1387949,1387968,19
node0_5479,node0,node4,100,1387949,1387968,19
node0_5480,node0,node1,100,1388062,1388081,19
node0_5481,node0,node2,100,1388062,1388081,19
node0_5482,node0,node3,100,1388062,1388081,19
node0_5483,node0,node4,100,1388062,1388081,19
node0_5484,node0,node1,100,1388287,1388305,18
node0_5485,node0,node2,100,1388287,1388305,18
node0_5486,node0,node3,100,1388287,1388305,18
node0_5487,node0,node4,100,1388287,1388305,18
node0_5488,node0,node1,100,1389729,1389748,19
node0_5489,node0,node2,100,1389729,1389748,19
node0_5490,node0,node3,100,1389729,1389748,19
node0_5491,node0,node4,100,1389729,1389748,19
node0_5492,node0,node1,100,1390204,1390223,19
node0_5493,node0,node2,100,1390204,1390223,19
node0_5494,node0,node3,100,1390204,1390223,19
node0_5495,node0,node4,100,1390204,1390223,19
node0_5496,node0,node1,100,1390861,1390880,19
node0_5497,node0,node2,100,1390861,1390880,19
node0_5498,node0,node3,100,1390861,1390880,19
node0_5499,node0,node4,100,1390861,1390880,19
node0_5500,node0,node1,100,1391812,1391830,18
node0_5501,node0,node2,100,1391812,1391830,18
node0_5502,node0,node3,100,1391812,1391830,18
node0_5503,node0,node4,100,1391812,1391830,18
node0_5504,node0,node1,100,1392124,1392143,19
node0_5505,node0,node2,100,1392124,1392143,19
node0_5506,node0,node3,100,1392124,1392143,19
node0_5507,node0,node4,100,1392124,1392143,19
node0_5508,node0,node1,100,1393141,1393160,19
node0_5509,node0,node2,100,1393141,1393160,19
node0_5510,node0,node3,100,1393141,1393160,19
node0_5511,node0,node4,100,1393141,1393160,19
node0_5512,node0,node1,100,1394254,1394272,18
node0_5513,node0,node2,100,1394254,1394272,18
node0_5514,node0,node3,100,1394254,1394272,18
node0_5515,node0,node4,100,1394254,1394272,18
node0_5516,node0,node1,100,1396797,1396815,18
node0_5517,node0,node2,100,1396797,1396815,18
node0_5518,node0,node3,100,1396797,1396815,18
node0_5519,node0,node4,100,1396797,1396815,18
node0_5520,node0,node1,100,1397496,1397515,19
node0_5521,node0,node2,100,1397496,1397515,19
node0_5522,node0,node3,100,1397496,1397515,19
node0_5523,node0,node4,100,1397496,1397515,19
node0_5524,node0,node1,100,1399429,1399447,18
node0_5525,node0,node2,100,1399429,1399447,18
node0_5526,node0,node3,100,1399429,1399447,18
node0_5527,node0,node4,100,1399429,1399447,18
node0_5528,node0,node1,100,1402864,1402883,19
node0_5529,node0,node2,100,1402864,1402883,19
node0_5530,node0,node3,100,1402864,1402883,19
node0_5531,node0,node4,100,1402864,1402883,19
node0_5532,node0,node1,100,1404329,1404349,20
node0_5533,node0,node2,100,1404329,1404349,20
node0_5534,node0,node3,100,1404329,1404349,20
node0_5535,node0,node4,100,1404329,1404349,20
node0_5536,node0,node1,100,1404875,1404893,18
node0_5537,node0,node2,100,1404875,1404893,18
node0_5538,node0,node3,100,1404875,1404893,18
node0_5539,node0,node4,100,1404875,1404893,18
node0_5540,node0,node1,100,1405193,1405212,19
node0_5541,node0,node2,100,1405193,1405212,19
node0_5542,node0,node3,100,1405193,1405212,19
node0_5543,node0,node4,100,1405193,1405212,19
node0_5544,node0,node1,100,1405296,1405316,20
node0_5545,node0,node2,100,1405296,1405316,20
node0_5546,node0,node3,100,1405296,1405316,20
node0_5547,node0,node4,100,1405296,1405316,20
node0_5548,node0,node1,100,1407074,1407093,19
node0_5549,node0,node2,100,1407074,1407093,19
node0_5550,node0,node3,100,1407074,1407093,19
node0_5551,node0,node4,100,1407074,1407093,19
node0_5552,node0,node1,100,1407212,1407230,18
node0_5553,node0,node2,100,1407212,1407230,18
node0_5554,node0,node3,100,1407212,1407230,18
node0_5555,node0,node4,100,1407212,1407230,18
node0_5556,node0,node1,100,1408032,1408050,18
node0_5557,node0,node2,100,1408032,1408050,18
node0_5558,node0,node3,100,1408032,1408050,18
node0_5559,node0,node4,100,1408032,1408050,18
node0_5560,node0,node1,100,1408637,1408656,19
node0_5561,node0,node2,100,1408637,1408656,19
node0_5562,node0,node3,100,1408637,1408656,19
node0_5563,node0,node4,100,1408637,1408656,19
node0_5564,node0,node1,100,1408683,1408701,18
node0_5565,node0,node2,100,1408683,1408701,18
node0_5566,node0,node3,100,1408683,1408701,18
node0_5567,node0,node4,100,1408683,1408701,18
node0_5568,node0,node1,100,1408924,1408942,18
node0_5569,node0,node2,100,1408924,1408942,18
node0_5570,node0,node3,100,1408924,1408942,18
node0_5571,node0,node4,100,1408924,1408942,18
node0_5572,node0,node1,100,1410655,1410674,19
node0_5573,node0,node2,100,1410655,1410674,19
node0_5574,node0,node3,100,1410655,1410674,19
node0_5575,node0,node4,100,1410655,1410674,19
node0_5576,node0,node1,100,1411429,1411447,18
node0_5577,node0,node2,100,1411429,1411447,18
node0_5578,node0,node3,100,1411429,1411447,18
node0_5579,node0,node4,100,1411429,1411447,18
node0_5580,node0,node1,100,1414011,1414029,18
node0_5581,node0,node2,100,1414011,1414029,18
node0_5582,node0,node3,100,1414011,1414029,18
node0_5583,node0,node4,100,1414011,1414029,18
node0_5584,node0,node1,100,1416397,1416417,20
node0_5585,node0,node2,100,1416397,1416417,20
node0_5586,node0,node3,100,1416397,1416417,20
node0_5587,node0,node4,100,1416397,1416417,20
node0_5588,node0,node1,100,1416496,1416515,19
node0_5589,node0,node2,100,1416496,1416515,19
node0_5590,node0,node3,100,1416496,1416515,19
node0_5591,node0,node4,100,1416496,1416515,19
node0_5592,node0,node1,100,1417629,1417647,18
node0_5593,node0,node2,100,1417629,1417647,18
node0_5594,node0,node3,100,1417629,1417647,18
node0_5595,node0,node4,100,1417629,1417647,18
node0_5596,node0,node1,100,1417673,1417693,20
node0_5597,node0,node2,100,1417673,1417693,20
node0_5598,node0,node3,100,1417673,1417693,20
node0_5599,node0,node4,100,1417673,1417693,20
node0_5600,node0,node1,100,1418222,1418240,18
node0_5601,node0,node2,100,1418222,1418240,18
node0_5602,node0,node3,100,1418222,1418240,18
node0_5603,node0,node4,100,1418222,1418240,18
node0_5604,node0,node1,100,1418805,1418823,18
node0_5605,node0,node2,100,1418805,1418823,18
node0_5606,node0,node3,100,1418805,1418823,18
node0_5607,node0,node4,100,1418805,1418823,18
node0_5608,node0,node1,100,1421949,1421968,19
node0_5609,node0,node2,100,1421949,1421968,19
node0_5610,node0,node3,100,1421949,1421968,19
node0_5611,node0,node4,100,1421949,1421968,19
node0_5612,node0,node1,100,1422853,1422872,19
node0_5613,node0,node2,100,1422853,1422872,19
node0_5614,node0,node3,100,1422853,1422872,19
node0_5615,node0,node4,100,1422853,1422872,19
node0_5616,node0,node1,100,1423064,1423082,18
node0_5617,node0,node2,100,1423064,1423082,18
node0_5618,node0,node3,100,1423064,1423082,18
node0_5619,node0,node4,100,1423064,1423082,18
node0_5620,node0,node1,100,1423777,1423796,19
node0_5621,node0,node2,100,1423777,1423796,19
node0_5622,node0,node3,100,1423777,1423796,19
node0_5623,node0,node4,100,1423777,1423796,19
node0_5624,node0,node1,100,1424515,1424535,20
node0_5625,node0,node2,100,1424515,1424535,20
node0_5626,node0,node3,100,1424515,1424535,20
node0_5627,node0,node4,100,1424515,1424535,20
node0_5628,node0,node1,100,1424734,1424752,18
node0_5629,node0,node2,100,1424734,1424752,18
node0_5630,node0,node3,100,1424734,1424752,18
node0_5631,node0,node4,100,1424734,1424752,18
node0_5632,node0,node1,100,1425180,1425198,18
node0_5633,node0,node2,100,1425180,1425198,18
node0_5634,node0,node3,100,1425180,1425198,18
node0_5635,node0,node4,100,1425180,1425198,18
node0_5636,node0,node1,100,1427280,1427300,20
node0_5637,node0,node2,100,1427280,1427300,20
node0_5638,node0,node3,100,1427280,1427300,20
node0_5639,node0,node4,100,1427280,1427300,20
node0_5640,node0,node1,100,1431268,1431286,18
node0_5641,node0,node2,100,1431268,1431286,18
node0_5642,node0,node3,100,1431268,1431286,18
node0_5643,node0,node4,100,1431268,1431286,18
node0_5644,node0,node1,100,1432768,1432786,18
node0_5645,node0,node2,100,1432768,1432786,18
node0_5646,node0,node3,100,1432768,1432786,18
node0_5647,node0,node4,100,1432768,1432786,18
node0_5648,node0,node1,100,1432835,1432855,20
node0_5649,node0,node2,100,1432835,1432855,20
node0_5650,node0,node3,100,1432835,1432855,20
node0_5651,node0,node4,100,1432835,1432855,20
node0_5652,node0,node1,100,1435198,1435217,19
node0_5653,node0,node2,100,1435198,1435217,19
node0_5654,node0,node3,100,1435198,1435217,19
node0_5655,node0,node4,100,1435198,1435217,19
node0_5656,node0,node1,100,1435811,1435829,18
node0_5657,node0,node2,100,1435811,1435829,18
node0_5658,node0,node3,100,1435811,1435829,18
node0_5659,node0,node4,100,1435811,1435829,18
node0_5660,node0,node1,100,1437607,1437625,18
node0_5661,node0,node2,100,1437607,1437625,18
node0_5662,node0,node3,100,1437607,1437625,18
node0_5663,node0,node4,100,1437607,1437625,18
node0_5664,node0,node1,100,1437802,1437822,20
node0_5665,node0,node2,100,1437802,1437822,20
node0_5666,node0,node3,100,1437802,1437822,20
node0_5667,node0,node4,100,1437802,1437822,20
node0_5668,node0,node1,100,1437962,1437981,19
node0_5669,node0,node2,100,1437962,1437981,19
node0_5670,node0,node3,100,1437962,1437981,19
node0_5671,node0,node4,100,1437962,1437981,19
node0_5672,node0,node1,100,1440333,1440351,18
node0_5673,node0,node2,100,1440333,1440351,18
node0_5674,node0,node3,100,1440333,1440351,18
node0_5675,node0,node4,100,1440333,1440351,18
node0_5676,node0,node1,100,1440669,1440688,19
node0_5677,node0,node2,100,1440669,1440688,19
node0_5678,node0,node3,100,1440669,1440688,19
node0_5679,node0,node4,100,1440669,1440688,19
node0_5680,node0,node1,100,1440713,1440731,18
node0_5681,node0,node2,100,1440713,1440731,18
node0_5682,node0,node3,100,1440713,1440731,18
node0_5683,node0,node4,100,1440713,1440731,18
node0_5684,node0,node1,100,1441409,1441428,19
node0_5685,node0,node2,100,1441409,1441428,19
node0_5686,node0,node3,100,1441409,1441428,19
node0_5687,node0,node4,100,1441409,1441428,19
node0_5688,node0,node1,100,1446072,1446091,19
node0_5689,node0,node2,100,1446072,1446091,19
node0_5690,node0,node3,100,1446072,1446091,19
node0_5691,node0,node4,100,1446072,1446091,19
node0_5692,node0,node1,100,1447877,1447895,18
node0_5693,node0,node2,100,1447877,1447895,18
node0_5694,node0,node3,100,1447877,1447895,18
node0_5695,node0,node4,100,1447877,1447895,18
node0_5696,node0,node1,100,1448382,1448401,19
node0_5697,node0,node2,100,1448382,1448401,19
node0_5698,node0,node3,100,1448382,1448401,19
node0_5699,node0,node4,100,1448382,1448401,19
node0_5700,node0,node1,100,1453354,1453373,19
node0_5701,node0,node2,100,1453354,1453373,19
node0_5702,node0,node3,100,1453354,1453373,19
node0_5703,node0,node4,100,1453354,1453373,19
node0_5704,node0,node1,100,1454947,1454965,18
node0_5705,node0,node2,100,1454947,1454965,18
node0_5706,node0,node3,100,1454947,1454965,18
node0_5707,node0,node4,100,1454947,1454965,18
node0_5708,node0,node1,100,1456793,1456812,19
node0_5709,node0,node2,100,1456793,1456812,19
node0_5710,node0,node3,100,1456793,1456812,19
node0_5711,node0,node4,100,1456793,1456812,19
node0_5712,node0,node1,100,1457832,1457852,20
node0_5713,node0,node2,100,1457832,1457852,20
node0_5714,node0,node3,100,1457832,1457852,20
node0_5715,node0,node4,100,1457832,1457852,20
node0_5716,node0,node1,100,1458333,1458351,18
node0_5717,node0,node2,100,1458333,1458351,18
node0_5718,node0,node3,100,1458333,1458351,18
node0_5719,node0,node4,100,1458333,1458351,18
node0_5720,node0,node1,100,1460694,1460712,18
node0_5721,node0,node2,100,1460694,1460712,18
node0_5722,node0,node3,100,1460694,1460712,18
node0_5723,node0,node4,100,1460694,1460712,18
node0_5724,node0,node1,100,1461331,1461350,19
node0_5725,node0,node2,100,1461331,1461350,19
node0_5726,node0,node3,100,1461331,1461350,19
node0_5727,node0,node4,100,1461331,1461350,19
node0_5728,node0,node1,100,1464058,1464077,19
node0_5729,node0,node2,100,1464058,1464077,19
node0_5730,node0,node3,100,1464058,1464077,19
node0_5731,node0,node4,100,1464058,1464077,19
node0_5732,node0,node1,100,1464862,1464881,19
node0_5733,node0,node2,100,1464862,1464881,19
node0_5734,node0,node3,100,1464862,1464881,19
node0_5735,node0,node4,100,1464862,1464881,19
node0_5736,node0,node1,100,1467268,1467286,18
node0_5737,node0,node2,100,1467268,1467286,18
node0_5738,node0,node3,100,1467268,1467286,18
node0_5739,node0,node4,100,1467268,1467286,18
node0_5740,node0,node1,100,1467917,1467937,20
node0_5741,node0,node2,100,1467917,1467937,20
node0_5742,node0,node3,100,1467917,1467937,20
node0_5743,node0,node4,100,1467917,1467937,20
node0_5744,node0,node1,100,1468473,1468491,18
node0_5745,node0,node2,100,1468473,1468491,18
node0_5746,node0,node3,100,1468473,1468491,18
node0_5747,node0,node4,100,1468473,1468491,18
node0_5748,node0,node1,100,1469362,1469381,19
node0_5749,node0,node2,100,1469362,1469381,19
node0_5750,node0,node3,100,1469362,1469381,19
node0_5751,node0,node4,100,1469362,1469381,19
node0_5752,node0,node1,100,1469743,1469762,19
node0_5753,node0,node2,100,1469743,1469762,19
node0_5754,node0,node3,100,1469743,1469762,19
node0_5755,node0,node4,100,1469743,1469762,19
node0_5756,node0,node1,100,1469905,1469923,18
node0_5757,node0,node2,100,1469905,1469923,18
node0_5758,node0,node3,100,1469905,1469923,18
node0_5759,node0,node4,100,1469905,1469923,18
node0_5760,node0,node1,100,1470795,1470813,18
node0_5761,node0,node2,100,1470795,1470813,18
node0_5762,node0,node3,100,1470795,1470813,18
node0_5763,node0,node4,100,1470795,1470813,18
node0_5764,node0,node1,100,1472699,1472719,20
node0_5765,node0,node2,100,1472699,1472719,20
node0_5766,node0,node3,100,1472699,1472719,20
node0_5767,node0,node4,100,1472699,1472719,20
node0_5768,node0,node1,100,1473024,1473042,18
node0_5769,node0,node2,100,1473024,1473042,18
node0_5770,node0,node3,100,1473024,1473042,18
node0_5771,node0,node4,100,1473024,1473042,18
node0_5772,node0,node1,100,1475027,1475046,19
node0_5773,node0,node2,100,1475027,1475046,19
node0_5774,node0,node3,100,1475027,1475046,19
node0_5775,node0,node4,100,1475027,1475046,19
node0_5776,node0,node1,100,1476574,1476593,19
node0_5777,node0,node2,100,1476574,1476593,19
node0_5778,node0,node3,100,1476574,1476593,19
node0_5779,node0,node4,100,1476574,1476593,19
node0_5780,node0,node1,100,1478068,1478087,19
node0_5781,node0,node2,100,1478068,1478087,19
node0_5782,node0,node3,100,1478068,1478087,19
node0_5783,node0,node4,100,1478068,1478087,19
node0_5784,node0,node1,100,1478605,1478624,19
node0_5785,node0,node2,100,1478605,1478624,19
node0_5786,node0,node3,100,1478605,1478624,19
node0_5787,node0,node4,100,1478605,1478624,19
node0_5788,node0,node1,100,1485295,1485314,19
node0_5789,node0,node2,100,1485295,1485314,19
node0_5790,node0,node3,100,1485295,1485314,19
node0_5791,node0,node4,100,1485295,1485314,19
node0_5792,node0,node1,100,1486859,1486878,19
node0_5793,node0,node2,100,1486859,1486878,19
node0_5794,node0,node3,100,1486859,1486878,19
node0_5795,node0,node4,100,1486859,1486878,19
node0_5796,node0,node1,100,1487717,1487736,19
node0_5797,node0,node2,100,1487717,1487736,19
node0_5798,node0,node3,100,1487717,1487736,19
node0_5799,node0,node4,100,1487717,1487736,19
node0_5800,node0,node1,100,1487837,1487855,18
node0_5801,node0,node2,100,1487837,1487855,18
node0_5802,node0,node3,100,1487837,1487855,18
node0_5803,node0,node4,100,1487837,1487855,18
node0_5804,node0,node1,100,1488690,1488709,19
node0_5805,node0,node2,100,1488690,1488709,19
node0_5806,node0,node3,100,1488690,1488709,19
node0_5807,node0,node4,100,1488690,1488709,19
node0_5808,node0,node1,100,1488709,1488728,19
node0_5809,node0,node2,100,1488709,1488728,19
node0_5810,node0,node3,100,1488709,1488728,19
node0_5811,node0,node4,100,1488709,1488728,19
node0_5812,node0,node1,100,1491029,1491047,18
node0_5813,node0,node2,100,1491029,1491047,18
node0_5814,node0,node3,100,1491029,1491047,18
node0_5815,node0,node4,100,1491029,1491047,18
node0_5816,node0,node1,100,1491440,1491460,20
node0_5817,node0,node2,100,1491440,1491460,20
node0_5818,node0,node3,100,1491440,1491460,20
node0_5819,node0,node4,100,1491440,1491460,20
node0_5820,node0,node1,100,1491899,1491917,18
node0_5821,node0,node2,100,1491899,1491917,18
node0_5822,node0,node3,100,1491899,1491917,18
node0_5823,node0,node4,100,1491899,1491917,18
node0_5824,node0,node1,100,1492700,1492719,19
node0_5825,node0,node2,100,1492700,1492719,19
node0_5826,node0,node3,100,1492700,1492719,19
node0_5827,node0,node4,100,1492700,1492719,19
node0_5828,node0,node1,100,1493714,1493732,18
node0_5829,node0,node2,100,1493714,1493732,18
node0_5830,node0,node3,100,1493714,1493732,18
node0_5831,node0,node4,100,1493714,1493732,18
node0_5832,node0,node1,100,1494588,1494607,19
node0_5833,node0,node2,100,1494588,1494607,19
node0_5834,node0,node3,100,1494588,1494607,19
node0_5835,node0,node4,100,1494588,1494607,19
node0_5836,node0,node1,100,1495252,1495271,19
node0_5837,node0,node2,100,1495252,1495271,19
node0_5838,node0,node3,100,1495252,1495271,19
node0_5839,node0,node4,100,1495252,1495271,19
node0_5840,node0,node1,100,1496258,1496276,18
node0_5841,node0,node2,100,1496258,1496276,18
node0_5842,node0,node3,100,1496258,1496276,18
node0_5843,node0,node4,100,1496258,1496276,18
node0_5844,node0,node1,100,1498136,1498155,19
node0_5845,node0,node2,100,1498136,1498155,19
node0_5846,node0,node3,100,1498136,1498155,19
node0_5847,node0,node4,100,1498136,1498155,19
node0_5848,node0,node1,100,1498727,1498745,18
node0_5849,node0,node2,100,1498727,1498745,18
node0_5850,node0,node3,100,1498727,1498745,18
node0_5851,node0,node4,100,1498727,1498745,18
node0_5852,node0,node1,100,1499421,1499440,19
node0_5853,node0,node2,100,1499421,1499440,19
node0_5854,node0,node3,100,1499421,1499440,19
node0_5855,node0,node4,100,1499421,1499440,19
node0_5856,node0,node1,100,1501083,1501102,19
node0_5857,node0,node2,100,1501083,1501102,19
node0_5858,node0,node3,100,1501083,1501102,19
node0_5859,node0,node4,100,1501083,1501102,19
node0_5860,node0,node1,100,1501102,1501121,19
node0_5861,node0,node2,100,1501102,1501121,19
node0_5862,node0,node3,100,1501102,1501121,19
node0_5863,node0,node4,100,1501102,1501121,19
node0_5864,node0,node1,100,1501262,1501281,19
node0_5865,node0,node2,100,1501262,1501281,19
node0_5866,node0,node3,100,1501262,1501281,19
node0_5867,node0,node4,100,1501262,1501281,19
node0_5868,node0,node1,100,1501655,1501675,20
node0_5869,node0,node2,100,1501655,1501675,20
node0_5870,node0,node3,100,1501655,1501675,20
node0_5871,node0,node4,100,1501655,1501675,20
node0_5872,node0,node1,100,1501896,1501915,19
node0_5873,node0,node2,100,1501896,1501915,19
node0_5874,node0,node3,100,1501896,1501915,19
node0_5875,node0,node4,100,1501896,1501915,19
node0_5876,node0,node1,100,1504159,1504178,19
node0_5877,node0,node2,100,1504159,1504178,19
node0_5878,node0,node3,100,1504159,1504178,19
node0_5879,node0,node4,100,1504159,1504178,19
node0_5880,node0,node1,100,1504319,1504338,19
node0_5881,node0,node2,100,1504319,1504338,19
node0_5882,node0,node3,100,1504319,1504338,19
node0_5883,node0,node4,100,1504319,1504338,19
node0_5884,node0,node1,100,1504434,1504453,19
node0_5885,node0,node2,100,1504434,1504453,19
node0_5886,node0,node3,100,1504434,1504453,19
node0_5887,node0,node4,100,1504434,1504453,19
node0_5888,node0,node1,100,1504815,1504833,18
node0_5889,node0,node2,100,1504815,1504833,18
node0_5890,node0,node3,100,1504815,1504833,18
node0_5891,node0,node4,100,1504815,1504833,18
node0_5892,node0,node1,100,1505526,1505545,19
node0_5893,node0,node2,100,1505526,1505545,19
node0_5894,node0,node3,100,1505526,1505545,19
node0_5895,node0,node4,100,1505526,1505545,19
node0_5896,node0,node1,100,1507249,1507269,20
node0_5897,node0,node2,100,1507249,1507269,20
node0_5898,node0,node3,100,1507249,1507269,20
node0_5899,node0,node4,100,1507249,1507269,20
node0_5900,node0,node1,100,1512687,1512706,19
node0_5901,node0,node2,100,1512687,1512706,19
node0_5902,node0,node3,100,1512687,1512706,19
node0_5903,node0,node4,100,1512687,1512706,19
node0_5904,node0,node1,100,1514596,1514614,18
node0_5905,node0,node2,100,1514596,1514614,18
node0_5906,node0,node3,100,1514596,1514614,18
node0_5907,node0,node4,100,1514596,1514614,18
node0_5908,node0,node1,100,1515535,1515555,20
node0_5909,node0,node2,100,1515535,1515555,20
node0_5910,node0,node3,100,1515535,1515555,20
node0_5911,node0,node4,100,1515535,1515555,20
node0_5912,node0,node1,100,1515573,1515591,18
node0_5913,node0,node2,100,1515573,1515591,18
node0_5914,node0,node3,100,1515573,1515591,18
node0_5915,node0,node4,100,1515573,1515591,18
node0_5916,node0,node1,100,1515639,1515658,19
node0_5917,node0,node2,100,1515639,1515658,19
node0_5918,node0,node3,100,1515639,1515658,19
node0_5919,node0,node4,100,1515639,1515658,19
node0_5920,node0,node1,100,1516635,1516654,19
node0_5921,node0,node2,100,1516635,1516654,19
node0_5922,node0,node3,100,1516635,1516654,19
node0_5923,node0,node4,100,1516635,1516654,19
node0_5924,node0,node1,100,1518349,1518367,18
node0_5925,node0,node2,100,1518349,1518367,18
node0_5926,node0,node3,100,1518349,1518367,18
node0_5927,node0,node4,100,1518349,1518367,18
node0_5928,node0,node1,100,1518658,1518677,19
node0_5929,node0,node2,100,1518658,1518677,19
node0_5930,node0,node3,100,1518658,1518677,19
node0_5931,node0,node4,100,1518658,1518677,19
node0_5932,node0,node1,100,1522139,1522159,20
node0_5933,node0,node2,100,1522139,1522159,20
node0_5934,node0,node3,100,1522139,1522159,20
node0_5935,node0,node4,100,1522139,1522159,20
node0_5936,node0,node1,100,1522938,1522957,19
node0_5937,node0,node2,100,1522938,1522957,19
node0_5938,node0,node3,100,1522938,1522957,19
node0_5939,node0,node4,100,1522938,1522957,19
node0_5940,node0,node1,100,1523791,1523810,19
node0_5941,node0,node2,100,1523791,1523810,19
node0_5942,node0,node3,100,1523791,1523810,19
node0_5943,node0,node4,100,1523791,1523810,19
node0_5944,node0,node1,100,1524755,1524774,19
node0_5945,node0,node2,100,1524755,1524774,19
node0_5946,node0,node3,100,1524755,1524774,19
node0_5947,node0,node4,100,1524755,1524774,19
node0_5948,node0,node1,100,1524833,1524853,20
node0_5949,node0,node2,100,1524833,1524853,20
node0_5950,node0,node3,100,1524833,1524853,20
node0_5951,node0,node4,100,1524833,1524853,20
node0_5952,node0,node1,100,1525019,1525037,18
node0_5953,node0,node2,100,1525019,1525037,18
node0_5954,node0,node3,100,1525019,1525037,18
node0_5955,node0,node4,100,1525019,1525037,18
node0_5956,node0,node1,100,1527771,1527789,18
node0_5957,node0,node2,100,1527771,1527789,18
node0_5958,node0,node3,100,1527771,1527789,18
node0_5959,node0,node4,100,1527771,1527789,18
node0_5960,node0,node1,100,1528082,1528101,19
node0_5961,node0,node2,100,1528082,1528101,19
node0_5962,node0,node3,100,1528082,1528101,19
node0_5963,node0,node4,100,1528082,1528101,19
node0_5964,node0,node1,100,1528169,1528187,18
node0_5965,node0,node2,100,1528169,1528187,18
node0_5966,node0,node3,100,1528169,1528187,18
node0_5967,node0,node4,100,1528169,1528187,18
node0_5968,node0,node1,100,1528501,1528519,18
node0_5969,node0,node2,100,1528501,1528519,18
node0_5970,node0,node3,100,1528501,1528519,18
node0_5971,node0,node4,100,1528501,1528519,18
node0_5972,node0,node1,100,1529796,1529815,19
node0_5973,node0,node2,100,1529796,1529815,19
node0_5974,node0,node3,100,1529796,1529815,19
node0_5975,node0,node4,100,1529796,1529815,19
node0_5976,node0,node1,100,1530101,1530119,18
node0_5977,node0,node2,100,1530101,1530119,18
node0_5978,node0,node3,100,1530101,1530119,18
node0_5979,node0,node4,100,1530101,1530119,18
node0_5980,node0,node1,100,1530338,1530357,19
node0_5981,node0,node2,100,1530338,1530357,19
node0_5982,node0,node3,100,1530338,1530357,19
node0_5983,node0,node4,100,1530338,1530357,19
node0_5984,node0,node1,100,1530662,1530681,19
node0_5985,node0,node2,100,1530662,1530681,19
node0_5986,node0,node3,100,1530662,1530681,19
node0_5987,node0,node4,100,1530662,1530681,19
node0_5988,node0,node1,100,1531317,1531336,19
node0_5989,node0,node2,100,1531317,1531336,19
node0_5990,node0,node3,100,1531317,1531336,19
node0_5991,node0,node4,100,1531317,1531336,19
node0_5992,node0,node1,100,1532655,1532674,19
node0_5993,node0,node2,100,1532655,1532674,19
node0_5994,node0,node3,100,1532655,1532674,19
node0_5995,node0,node4,100,1532655,1532674,19
node0_5996,node0,node1,100,1533013,1533031,18
node0_5997,node0,node2,100,1533013,1533031,18
node0_5998,node0,node3,100,1533013,1533031,18
node0_5999,node0,node4,100,1533013,1533031,18
node0_6000,node0,node1,100,1535081,1535101,20
node0_6001,node0,node2,100,1535081,1535101,20
node0_6002,node0,node3,100,1535081,1535101,20
node0_6003,node0,node4,100,1535081,1535101,20
node0_6004,node0,node1,100,1538806,1538825,19
node0_6005,node0,node2,100,1538806,1538825,19
node0_6006,node0,node3,100,1538806,1538825,19
node0_6007,node0,node4,100,1538806,1538825,19
node0_6008,node0,node1,100,1540532,1540551,19
node0_6009,node0,node2,100,1540532,1540551,19
node0_6010,node0,node3,100,1540532,1540551,19
node0_6011,node0,node4,100,1540532,1540551,19
node0_6012,node0,node1,100,1540610,1540630,20
node0_6013,node0,node2,100,1540610,1540630,20
node0_6014,node0,node3,100,1540610,1540630,20
node0_6015,node0,node4,100,1540610,1540630,20
node0_6016,node0,node1,100,1540989,1541008,19
node0_6017,node0,node2,100,1540989,1541008,19
node0_6018,node0,node3,100,1540989,1541008,19
node0_6019,node0,node4,100,1540989,1541008,19
node0_6020,node0,node1,100,1543590,1543609,19
node0_6021,node0,node2,100,1543590,1543609,19
node0_6022,node0,node3,100,1543590,1543609,19
node0_6023,node0,node4,100,1543590,1543609,19
node0_6024,node0,node1,100,1545551,1545570,19
node0_6025,node0,node2,100,1545551,1545570,19
node0_6026,node0,node3,100,1545551,1545570,19
node0_6027,node0,node4,100,1545551,1545570,19
node0_6028,node0,node1,100,1545694,1545712,18
node0_6029,node0,node2,100,1545694,1545712,18
node0_6030,node0,node3,100,1545694,1545712,18
node0_6031,node0,node4,100,1545694,1545712,18
node0_6032,node0,node1,100,1546278,1546296,18
node0_6033,node0,node2,100,1546278,1546296,18
node0_6034,node0,node3,100,1546278,1546296,18
node0_6035,node0,node4,100,1546278,1546296,18
node0_6036,node0,node1,100,1546731,1546751,20
node0_6037,node0,node2,100,1546731,1546751,20
node0_6038,node0,node3,100,1546731,1546751,20
node0_6039,node0,node4,100,1546731,1546751,20
node0_6040,node0,node1,100,1548107,1548126,19
node0_6041,node0,node2,100,1548107,1548126,19
node0_6042,node0,node3,100,1548107,1548126,19
node0_6043,node0,node4,100,1548107,1548126,19
node0_6044,node0,node1,100,1548136,1548155,19
node0_6045,node0,node2,100,1548136,1548155,19
node0_6046,node0,node3,100,1548136,1548155,19
node0_6047,node0,node4,100,1548136,1548155,19
node0_6048,node0,node1,100,1548515,1548535,20
node0_6049,node0,node2,100,1548515,1548535,20
node0_6050,node0,node3,100,1548515,1548535,20
node0_6051,node0,node4,100,1548515,1548535,20
node0_6052,node0,node1,100,1549900,1549918,18
node0_6053,node0,node2,100,1549900,1549918,18
node0_6054,node0,node3,100,1549900,1549918,18
node0_6055,node0,node4,100,1549900,1549918,18
node0_6056,node0,node1,100,1552080,1552099,19
node0_6057,node0,node2,100,1552080,1552099,19
node0_6058,node0,node3,100,1552080,1552099,19
node0_6059,node0,node4,100,1552080,1552099,19
node0_6060,node0,node1,100,1552121,1552139,18
node0_6061,node0,node2,100,1552121,1552139,18
node0_6062,node0,node3,100,1552121,1552139,18
node0_6063,node0,node4,100,1552121,1552139,18
node0_6064,node0,node1,100,1553009,1553029,20
node0_6065,node0,node2,100,1553009,1553029,20
node0_6066,node0,node3,100,1553009,1553029,20
node0_6067,node0,node4,100,1553009,1553029,20
node0_6068,node0,node1,100,1554098,1554116,18
node0_6069,node0,node2,100,1554098,1554116,18
node0_6070,node0,node3,100,1554098,1554116,18
node0_6071,node0,node4,100,1554098,1554116,18
node0_6072,node0,node1,100,1556161,1556179,18
node0_6073,node0,node2,100,1556161,1556179,18
node0_6074,node0,node3,100,1556161,1556179,18
node0_6075,node0,node4,100,1556161,1556179,18
node0_6076,node0,node1,100,1556714,1556734,20
node0_6077,node0,node2,100,1556714,1556734,20
node0_6078,node0,node3,100,1556714,1556734,20
node0_6079,node0,node4,100,1556714,1556734,20
node0_6080,node0,node1,100,1560327,1560345,18
node0_6081,node0,node2,100,1560327,1560345,18
node0_6082,node0,node3,100,1560327,1560345,18
node0_6083,node0,node4,100,1560327,1560345,18
node0_6084,node0,node1,100,1560547,1560565,18
node0_6085,node0,node2,100,1560547,1560565,18
node0_6086,node0,node3,100,1560547,1560565,18
node0_6087,node0,node4,100,1560547,1560565,18
node0_6088,node0,node1,100,1560669,1560688,19
node0_6089,node0,node2,100,1560669,1560688,19
node0_6090,node0,node3,100,1560669,1560688,19
node0_6091,node0,node4,100,1560669,1560688,19
node0_6092,node0,node1,100,1560809,1560828,19
node0_6093,node0,node2,100,1560809,1560828,19
node0_6094,node0,node3,100,1560809,1560828,19
node0_6095,node0,node4,100,1560809,1560828,19
node0_6096,node0,node1,100,1561692,1561710,18
node0_6097,node0,node2,100,1561692,1561710,18
node0_6098,node0,node3,100,1561692,1561710,18
node0_6099,node0,node4,100,1561692,1561710,18
node0_6100,node0,node1,100,1561823,1561843,20
node0_6101,node0,node2,100,1561823,1561843,20
node0_6102,node0,node3,100,1561823,1561843,20
node0_6103,node0,node4,100,1561823,1561843,20
node0_6104,node0,node1,100,1562133,1562152,19
node0_6105,node0,node2,100,1562133,1562152,19
node0_6106,node0,node3,100,1562133,1562152,19
node0_6107,node0,node4,100,1562133,1562152,19
node0_6108,node0,node1,100,1562351,1562369,18
node0_6109,node0,node2,100,1562351,1562369,18
node0_6110,node0,node3,100,1562351,1562369,18
node0_6111,node0,node4,100,1562351,1562369,18
node0_6112,node0,node1,100,1562408,1562426,18
node0_6113,node0,node2,100,1562408,1562426,18
node0_6114,node0,node3,100,1562408,1562426,18
node0_6115,node0,node4,100,1562408,1562426,18
node0_6116,node0,node1,100,1565689,1565709,20
node0_6117,node0,node2,100,1565689,1565709,20
node0_6118,node0,node3,100,1565689,1565709,20
node0_6119,node0,node4,100,1565689,1565709,20
node0_6120,node0,node1,100,1566096,1566114,18
node0_6121,node0,node2,100,1566096,1566114,18
node0_6122,node0,node3,100,1566096,1566114,18
node0_6123,node0,node4,100,1566096,1566114,18
node0_6124,node0,node1,100,1569421,1569439,18
node0_6125,node0,node2,100,1569421,1569439,18
node0_6126,node0,node3,100,1569421,1569439,18
node0_6127,node0,node4,100,1569421,1569439,18
node0_6128,node0,node1,100,1570706,1570726,20
node0_6129,node0,node2,100,1570706,1570726,20
node0_6130,node0,node3,100,1570706,1570726,20
node0_6131,node0,node4,100,1570706,1570726,20
node0_6132,node0,node1,100,1570954,1570973,19
node0_6133,node0,node2,100,1570954,1570973,19
node0_6134,node0,node3,100,1570954,1570973,19
node0_6135,node0,node4,100,1570954,1570973,19
node0_6136,node0,node1,100,1573650,1573668,18
node0_6137,node0,node2,100,1573650,1573668,18
node0_6138,node0,node3,100,1573650,1573668,18
node0_6139,node0,node4,100,1573650,1573668,18
node0_6140,node0,node1,100,1573668,1573688,20
node0_6141,node0,node2,100,1573668,1573688,20
node0_6142,node0,node3,100,1573668,1573688,20
node0_6143,node0,node4,100,1573668,1573688,20
node0_6144,node0,node1,100,1577658,1577677,19
node0_6145,node0,node2,100,1577658,1577677,19
node0_6146,node0,node3,100,1577658,1577677,19
node0_6147,node0,node4,100,1577658,1577677,19
node0_6148,node0,node1,100,1577691,1577710,19
node0_6149,node0,node2,100,1577691,1577710,19
node0_6150,node0,node3,100,1577691,1577710,19
node0_6151,node0,node4,100,1577691,1577710,19
node0_6152,node0,node1,100,1577983,1578003,20
node0_6153,node0,node2,100,1577983,1578003,20
node0_6154,node0,node3,100,1577983,1578003,20
node0_6155,node0,node4,100,1577983,1578003,20
node0_6156,node0,node1,100,1578786,1578805,19
node0_6157,node0,node2,100,1578786,1578805,19
node0_6158,node0,node3,100,1578786,1578805,19
node0_6159,node0,node4,100,1578786,1578805,19
node0_6160,node0,node1,100,1578805,1578824,19
node0_6161,node0,node2,100,1578805,1578824,19
node0_6162,node0,node3,100,1578805,1578824,19
node0_6163,node0,node4,100,1578805,1578824,19
node0_6164,node0,node1,100,1580242,1580261,19
node0_6165,node0,node2,100,1580242,1580261,19
node0_6166,node0,node3,100,1580242,1580261,19
node0_6167,node0,node4,100,1580242,1580261,19
node0_6168,node0,node1,100,1580330,1580349,19
node0_6169,node0,node2,100,1580330,1580349,19
node0_6170,node0,node3,100,1580330,1580349,19
node0_6171,node0,node4,100,1580330,1580349,19
node0_6172,node0,node1,100,1582029,1582047,18
node0_6173,node0,node2,100,1582029,1582047,18
node0_6174,node0,node3,100,1582029,1582047,18
node0_6175,node0,node4,100,1582029,1582047,18
node0_6176,node0,node1,100,1582065,1582084,19
node0_6177,node0,node2,100,1582065,1582084,19
node0_6178,node0,node3,100,1582065,1582084,19
node0_6179,node0,node4,100,1582065,1582084,19
node0_6180,node0,node1,100,1582816,1582836,20
node0_6181,node0,node2,100,1582816,1582836,20
node0_6182,node0,node3,100,1582816,1582836,20
node0_6183,node0,node4,100,1582816,1582836,20
node0_6184,node0,node1,100,1583051,1583070,19
node0_6185,node0,node2,100,1583051,1583070,19
node0_6186,node0,node3,100,1583051,1583070,19
node0_6187,node0,node4,100,1583051,1583070,19
node0_6188,node0,node1,100,1583392,1583411,19
node0_6189,node0,node2,100,1583392,1583411,19
node0_6190,node0,node3,100,1583392,1583411,19
node0_6191,node0,node4,100,1583392,1583411,19
node0_6192,node0,node1,100,1584066,1584085,19
node0_6193,node0,node2,100,1584066,1584085,19
node0_6194,node0,node3,100,1584066,1584085,19
node0_6195,node0,node4,100,1584066,1584085,19
node0_6196,node0,node1,100,1584530,1584548,18
node0_6197,node0,node2,100,1584530,1584548,18
node0_6198,node0,node3,100,1584530,1584548,18
node0_6199,node0,node4,100,1584530,1584548,18
node0_6200,node0,node1,100,1585028,1585047,19
node0_6201,node0,node2,100,1585028,1585047,19
node0_6202,node0,node3,100,1585028,1585047,19
node0_6203,node0,node4,100,1585028,1585047,19
node0_6204,node0,node1,100,1586087,1586106,19
node0_6205,node0,node2,100,1586087,1586106,19
node0_6206,node0,node3,100,1586087,1586106,19
node0_6207,node0,node4,100,1586087,1586106,19
node0_6208,node0,node1,100,1586305,1586324,19
node0_6209,node0,node2,100,1586305,1586324,19
node0_6210,node0,node3,100,1586305,1586324,19
node0_6211,node0,node4,100,1586305,1586324,19
node0_6212,node0,node1,100,1586505,1586524,19
node0_6213,node0,node2,100,1586505,1586524,19
node0_6214,node0,node3,100,1586505,1586524,19
node0_6215,node0,node4,100,1586505,1586524,19
node0_6216,node0,node1,100,1587658,1587677,19
node0_6217,node0,node2,100,1587658,1587677,19
node0_6218,node0,node3,100,1587658,1587677,19
node0_6219,node0,node4,100,1587658,1587677,19
node0_6220,node0,node1,100,1588011,1588030,19
node0_6221,node0,node2,100,1588011,1588030,19
node0_6222,node0,node3,100,1588011,1588030,19
node0_6223,node0,node4,100,1588011,1588030,19
node0_6224,node0,node1,100,1590713,1590732,19
node0_6225,node0,node2,100,1590713,1590732,19
node0_6226,node0,node3,100,1590713,1590732,19
node0_6227,node0,node4,100,1590713,1590732,19
node0_6228,node0,node1,100,1591269,1591288,19
node0_6229,node0,node2,100,1591269,1591288,19
node0_6230,node0,node3,100,1591269,1591288,19
node0_6231,node0,node4,100,1591269,1591288,19
node0_6232,node0,node1,100,1591911,1591930,19
node0_6233,node0,node2,100,1591911,1591930,19
node0_6234,node0,node3,100,1591911,1591930,19
node0_6235,node0,node4,100,1591911,1591930,19
node0_6236,node0,node1,100,1591934,1591952,18
node0_6237,node0,node2,100,1591934,1591952,18
node0_6238,node0,node3,100,1591934,1591952,18
node0_6239,node0,node4,100,1591934,1591952,18
node0_6240,node0,node1,100,1591955,1591973,18
node0_6241,node0,node2,100,1591955,1591973,18
node0_6242,node0,node3,100,1591955,1591973,18
node0_6243,node0,node4,100,1591955,1591973,18
node0_6244,node0,node1,100,1592066,1592086,20
node0_6245,node0,node2,100,1592066,1592086,20
node0_6246,node0,node3,100,1592066,1592086,20
node0_6247,node0,node4,100,1592066,1592086,20
node0_6248,node0,node1,100,1593048,1593066,18
node0_6249,node0,node2,100,1593048,1593066,18
node0_6250,node0,node3,100,1593048,1593066,18
node0_6251,node0,node4,100,1593048,1593066,18
node0_6252,node0,node1,100,1594141,1594160,19
node0_6253,node0,node2,100,1594141,1594160,19
node0_6254,node0,node3,100,1594141,1594160,19
node0_6255,node0,node4,100,1594141,1594160,19
node0_6256,node0,node1,100,1597181,1597200,19
node0_6257,node0,node2,100,1597181,1597200,19
node0_6258,node0,node3,100,1597181,1597200,19
node0_6259,node0,node4,100,1597181,1597200,19
node0_6260,node0,node1,100,1597748,1597767,19
node0_6261,node0,node2,100,1597748,1597767,19
node0_6262,node0,node3,100,1597748,1597767,19
node0_6263,node0,node4,100,1597748,1597767,19
node0_6264,node0,node1,100,1598978,1598997,19
node0_6265,node0,node2,100,1598978,1598997,19
node0_6266,node0,node3,100,1598978,1598997,19
node0_6267,node0,node4,100,1598978,1598997,19
node0_6268,node0,node1,100,1599399,1599419,20
node0_6269,node0,node2,100,1599399,1599419,20
node0_6270,node0,node3,100,1599399,1599419,20
node0_6271,node0,node4,100,1599399,1599419,20
node0_6272,node0,node1,100,1599476,1599495,19
node0_6273,node0,node2,100,1599476,1599495,19
node0_6274,node0,node3,100,1599476,1599495,19
node0_6275,node0,node4,100,1599476,1599495,19
node0_6276,node0,node1,100,1600021,1600040,19
node0_6277,node0,node2,100,1600021,1600040,19
node0_6278,node0,node3,100,1600021,1600040,19
node0_6279,node0,node4,100,1600021,1600040,19
node0_6280,node0,node1,100,1601230,1601248,18
node0_6281,node0,node2,100,1601230,1601248,18
node0_6282,node0,node3,100,1601230,1601248,18
node0_6283,node0,node4,100,1601230,1601248,18
node0_6284,node0,node1,100,1602861,1602881,20
node0_6285,node0,node2,100,1602861,1602881,20
node0_6286,node0,node3,100,1602861,1602881,20
node0_6287,node0,node4,100,1602861,1602881,20
node0_6288,node0,node1,100,1605897,1605915,18
node0_6289,node0,node2,100,1605897,1605915,18
node0_6290,node0,node3,100,1605897,1605915,18
node0_6291,node0,node4,100,1605897,1605915,18
node0_6292,node0,node1,100,1607682,1607701,19
node0_6293,node0,node2,100,1607682,1607701,19
node0_6294,node0,node3,100,1607682,1607701,19
node0_6295,node0,node4,100,1607682,1607701,19
node0_6296,node0,node1,100,1608511,1608530,19
node0_6297,node0,node2,100,1608511,1608530,19
node0_6298,node0,node3,100,1608511,1608530,19
node0_6299,node0,node4,100,1608511,1608530,19
node0_6300,node0,node1,100,1609311,1609330,19
node0_6301,node0,node2,100,1609311,1609330,19
node0_6302,node0,node3,100,1609311,1609330,19
node0_6303,node0,node4,100,1609311,1609330,19
node0_6304,node0,node1,100,1610006,1610025,19
node0_6305,node0,node2,100,1610006,1610025,19
node0_6306,node0,node3,100,1610006,1610025,19
node0_6307,node0,node4,100,1610006,1610025,19
node0_6308,node0,node1,100,1610655,1610674,19
node0_6309,node0,node2,100,1610655,1610674,19
node0_6310,node0,node3,100,1610655,1610674,19
node0_6311,node0,node4,100,1610655,1610674,19
node0_6312,node0,node1,100,1611796,1611814,18
node0_6313,node0,node2,100,1611796,1611814,18
node0_6314,node0,node3,100,1611796,1611814,18
node0_6315,node0,node4,100,1611796,1611814,18
node0_6316,node0,node1,100,1612653,1612671,18
node0_6317,node0,node2,100,1612653,1612671,18
node0_6318,node0,node3,100,1612653,1612671,18
node0_6319,node0,node4,100,1612653,1612671,18
node0_6320,node0,node1,100,1614600,1614620,20
node0_6321,node0,node2,100,1614600,1614620,20
node0_6322,node0,node3,100,1614600,1614620,20
node0_6323,node0,node4,100,1614600,1614620,20
node0_6324,node0,node1,100,1615198,1615217,19
node0_6325,node0,node2,100,1615198,1615217,19
node0_6326,node0,node3,100,1615198,1615217,19
node0_6327,node0,node4,100,1615198,1615217,19
node0_6328,node0,node1,100,1615835,1615854,19
node0_6329,node0,node2,100,1615835,1615854,19
node0_6330,node0,node3,100,1615835,1615854,19
node0_6331,node0,node4,100,1615835,1615854,19
node0_6332,node0,node1,100,1617619,1617638,19
node0_6333,node0,node2,100,1617619,1617638,19
node0_6334,node0,node3,100,1617619,1617638,19
node0_6335,node0,node4,100,1617619,1617638,19
node0_6336,node0,node1,100,1618745,1618765,20
node0_6337,node0,node2,100,1618745,1618765,20
node0_6338,node0,node3,100,1618745,1618765,20
node0_6339,node0,node4,100,1618745,1618765,20
node0_6340,node0,node1,100,1619488,1619506,18
node0_6341,node0,node2,100,1619488,1619506,18
node0_6342,node0,node3,100,1619488,1619506,18
node0_6343,node0,node4,100,1619488,1619506,18
node0_6344,node0,node1,100,1620317,1620336,19
node0_6345,node0,node2,100,1620317,1620336,19
node0_6346,node0,node3,100,1620317,1620336,19
node0_6347,node0,node4,100,1620317,1620336,19
node0_6348,node0,node1,100,1621955,1621974,19
node0_6349,node0,node2,100,1621955,1621974,19
node0_6350,node0,node3,100,1621955,1621974,19
node0_6351,node0,node4,100,1621955,1621974,19
node0_6352,node0,node1,100,1622890,1622908,18
node0_6353,node0,node2,100,1622890,1622908,18
node0_6354,node0,node3,100,1622890,1622908,18
node0_6355,node0,node4,100,1622890,1622908,18
node0_6356,node0,node1,100,1623190,1623208,18
node0_6357,node0,node2,100,1623190,1623208,18
node0_6358,node0,node3,100,1623190,1623208,18
node0_6359,node0,node4,100,1623190,1623208,18
node0_6360,node0,node1,100,1623562,1623582,20
node0_6361,node0,node2,100,1623562,1623582,20
node0_6362,node0,node3,100,1623562,1623582,20
node0_6363,node0,node4,100,1623562,1623582,20
node0_6364,node0,node1,100,1624489,1624507,18
node0_6365,node0,node2,100,1624489,1624507,18
node0_6366,node0,node3,100,1624489,1624507,18
node0_6367,node0,node4,100,1624489,1624507,18
node0_6368,node0,node1,100,1624536,1624554,18
node0_6369,node0,node2,100,1624536,1624554,18
node0_6370,node0,node3,100,1624536,1624554,18
node0_6371,node0,node4,100,1624536,1624554,18
node0_6372,node0,node1,100,1625148,1625167,19
node0_6373,node0,node2,100,1625148,1625167,19
node0_6374,node0,node3,100,1625148,1625167,19
node0_6375,node0,node4,100,1625148,1625167,19
node0_6376,node0,node1,100,1627373,1627392,19
node0_6377,node0,node2,100,1627373,1627392,19
node0_6378,node0,node3,100,1627373,1627392,19
node0_6379,node0,node4,100,1627373,1627392,19
node0_6380,node0,node1,100,1627637,1627656,19
node0_6381,node0,node2,100,1627637,1627656,19
node0_6382,node0,node3,100,1627637,1627656,19
node0_6383,node0,node4,100,1627637,1627656,19
node0_6384,node0,node1,100,1628224,1628243,19
node0_6385,node0,node2,100,1628224,1628243,19
node0_6386,node0,node3,100,1628224,1628243,19
node0_6387,node0,node4,100,1628224,1628243,19
node0_6388,node0,node1,100,1629427,1629446,19
node0_6389,node0,node2,100,1629427,1629446,19
node0_6390,node0,node3,100,1629427,1629446,19
node0_6391,node0,node4,100,1629427,1629446,19
node0_6392,node0,node1,100,1632024,1632043,19
node0_6393,node0,node2,100,1632024,1632043,19
node0_6394,node0,node3,100,1632024,1632043,19
node0_6395,node0,node4,100,1632024,1632043,19
node0_6396,node0,node1,100,1633215,1633233,18
node0_6397,node0,node2,100,1633215,1633233,18
node0_6398,node0,node3,100,1633215,1633233,18
node0_6399,node0,node4,100,1633215,1633233,18
node0_6400,node0,node1,100,1634198,1634217,19
node0_6401,node0,node2,100,1634198,1634217,19
node0_6402,node0,node3,100,1634198,1634217,19
node0_6403,node0,node4,100,1634198,1634217,19
node0_6404,node0,node1,100,1634683,1634702,19
node0_6405,node0,node2,100,1634683,1634702,19
node0_6406,node0,node3,100,1634683,1634702,19
node0_6407,node0,node4,100,1634683,1634702,19
node0_6408,node0,node1,100,1635258,1635277,19
node0_6409,node0,node2,100,1635258,1635277,19
node0_6410,node0,node3,100,1635258,1635277,19
node0_6411,node0,node4,100,1635258,1635277,19
node0_6412,node0,node1,100,1636285,1636305,20
node0_6413,node0,node2,100,1636285,1636305,20
node0_6414,node0,node3,100,1636285,1636305,20
node0_6415,node0,node4,100,1636285,1636305,20
node0_6416,node0,node1,100,1636725,1636743,18
node0_6417,node0,node2,100,1636725,1636743,18
node0_6418,node0,node3,100,1636725,1636743,18
node0_6419,node0,node4,100,1636725,1636743,18
node0_6420,node0,node1,100,1638262,1638281,19
node0_6421,node0,node2,100,1638262,1638281,19
node0_6422,node0,node3,100,1638262,1638281,19
node0_6423,node0,node4,100,1638262,1638281,19
node0_6424,node0,node1,100,1638281,1638301,20
node0_6425,node0,node2,100,1638281,1638301,20
node0_6426,node0,node3,100,1638281,1638301,20
node0_6427,node0,node4,100,1638281,1638301,20
node0_6428,node0,node1,100,1639662,1639680,18
node0_6429,node0,node2,100,1639662,1639680,18
node0_6430,node0,node3,100,1639662,1639680,18
node0_6431,node0,node4,100,1639662,1639680,18
node0_6432,node0,node1,100,1641017,1641035,18
node0_6433,node0,node2,100,1641017,1641035,18
node0_6434,node0,node3,100,1641017,1641035,18
node0_6435,node0,node4,100,1641017,1641035,18
node0_6436,node0,node1,100,1641383,1641403,20
node0_6437,node0,node2,100,1641383,1641403,20
node0_6438,node0,node3,100,1641383,1641403,20
node0_6439,node0,node4,100,1641383,1641403,20
node0_6440,node0,node1,100,1641403,1641422,19
node0_6441,node0,node2,100,1641403,1641422,19
node0_6442,node0,node3,100,1641403,1641422,19
node0_6443,node0,node4,100,1641403,1641422,19
node0_6444,node0,node1,100,1641811,1641830,19
node0_6445,node0,node2,100,1641811,1641830,19
node0_6446,node0,node3,100,1641811,1641830,19
node0_6447,node0,node4,100,1641811,1641830,19
node0_6448,node0,node1,100,1642700,1642718,18
node0_6449,node0,node2,100,1642700,1642718,18
node0_6450,node0,node3,100,1642700,1642718,18
node0_6451,node0,node4,100,1642700,1642718,18
node0_6452,node0,node1,100,1644247,1644267,20
node0_6453,node0,node2,100,1644247,1644267,20
node0_6454,node0,node3,100,1644247,1644267,20
node0_6455,node0,node4,100,1644247,1644267,20
node0_6456,node0,node1,100,1646290,1646309,19
node0_6457,node0,node2,100,1646290,1646309,19
node0_6458,node0,node3,100,1646290,1646309,19
node0_6459,node0,node4,100,1646290,1646309,19
node0_6460,node0,node1,100,1646524,1646543,19
node0_6461,node0,node2,100,1646524,1646543,19
node0_6462,node0,node3,100,1646524,1646543,19
node0_6463,node0,node4,100,1646524,1646543,19
node0_6464,node0,node1,100,1646609,1646629,20
node0_6465,node0,node2,100,1646609,1646629,20
node0_6466,node0,node3,100,1646609,1646629,20
node0_6467,node0,node4,100,1646609,1646629,20
node0_6468,node0,node1,100,1646737,1646756,19
node0_6469,node0,node2,100,1646737,1646756,19
node0_6470,node0,node3,100,1646737,1646756,19
node0_6471,node0,node4,100,1646737,1646756,19
node0_6472,node0,node1,100,1651251,1651270,19
node0_6473,node0,node2,100,1651251,1651270,19
node0_6474,node0,node3,100,1651251,1651270,19
node0_6475,node0,node4,100,1651251,1651270,19
node0_6476,node0,node1,100,1652288,1652308,20
node0_6477,node0,node2,100,1652288,1652308,20
node0_6478,node0,node3,100,1652288,1652308,20
node0_6479,node0,node4,100,1652288,1652308,20
node0_6480,node0,node1,100,1652425,1652443,18
node0_6481,node0,node2,100,1652425,1652443,18
node0_6482,node0,node3,100,1652425,1652443,18
node0_6483,node0,node4,100,1652425,1652443,18
node0_6484,node0,node1,100,1653599,1653618,19
node0_6485,node0,node2,100,1653599,1653618,19
node0_6486,node0,node3,100,1653599,1653618,19
node0_6487,node0,node4,100,1653599,1653618,19
node0_6488,node0,node1,100,1656805,1656825,20
node0_6489,node0,node2,100,1656805,1656825,20
node0_6490,node0,node3,100,1656805,1656825,20
node0_6491,node0,node4,100,1656805,1656825,20
node0_6492,node0,node1,100,1657740,1657759,19
node0_6493,node0,node2,100,1657740,1657759,19
node0_6494,node0,node3,100,1657740,1657759,19
node0_6495,node0,node4,100,1657740,1657759,19
node0_6496,node0,node1,100,1658004,1658022,18
node0_6497,node0,node2,100,1658004,1658022,18
node0_6498,node0,node3,100,1658004,1658022,18
node0_6499,node0,node4,100,1658004,1658022,18
node0_6500,node0,node1,100,1661285,1661304,19
node0_6501,node0,node2,100,1661285,1661304,19
node0_6502,node0,node3,100,1661285,1661304,19
node0_6503,node0,node4,100,1661285,1661304,19
node0_6504,node0,node1,100,1662491,1662511,20
node0_6505,node0,node2,100,1662491,1662511,20
node0_6506,node0,node3,100,1662491,1662511,20
node0_6507,node0,node4,100,1662491,1662511,20
node0_6508,node0,node1,100,1662693,1662712,19
node0_6509,node0,node2,100,1662693,1662712,19
node0_6510,node0,node3,100,1662693,1662712,19
node0_6511,node0,node4,100,1662693,1662712,19
node0_6512,node0,node1,100,1664146,1664164,18
node0_6513,node0,node2,100,1664146,1664164,18
node0_6514,node0,node3,100,1664146,1664164,18
node0_6515,node0,node4,100,1664146,1664164,18
node0_6516,node0,node1,100,1664848,1664868,20
node0_6517,node0,node2,100,1664848,1664868,20
node0_6518,node0,node3,100,1664848,1664868,20
node0_6519,node0,node4,100,1664848,1664868,20
node0_6520,node0,node1,100,1665701,1665719,18
node0_6521,node0,node2,100,1665701,1665719,18
node0_6522,node0,node3,100,1665701,1665719,18
node0_6523,node0,node4,100,1665701,1665719,18
node0_6524,node0,node1,100,1666156,1666174,18
node0_6525,node0,node2,100,1666156,1666174,18
node0_6526,node0,node3,100,1666156,1666174,18
node0_6527,node0,node4,100,1666156,1666174,18
node0_6528,node0,node1,100,1666504,1666523,19
node0_6529,node0,node2,100,1666504,1666523,19
node0_6530,node0,node3,100,1666504,1666523,19
node0_6531,node0,node4,100,1666504,1666523,19
node0_6532,node0,node1,100,1667050,1667069,19
node0_6533,node0,node2,100,1667050,1667069,19
node0_6534,node0,node3,100,1667050,1667069,19
node0_6535,node0,node4,100,1667050,1667069,19
node0_6536,node0,node1,100,1667797,1667815,18
node0_6537,node0,node2,100,1667797,1667815,18
node0_6538,node0,node3,100,1667797,1667815,18
node0_6539,node0,node4,100,1667797,1667815,18
node0_6540,node0,node1,100,1668416,1668436,20
node0_6541,node0,node2,100,1668416,1668436,20
node0_6542,node0,node3,100,1668416,1668436,20
node0_6543,node0,node4,100,1668416,1668436,20
node0_6544,node0,node1,100,1670428,1670447,19
node0_6545,node0,node2,100,1670428,1670447,19
node0_6546,node0,node3,100,1670428,1670447,19
node0_6547,node0,node4,100,1670428,1670447,19
node0_6548,node0,node1,100,1670505,1670524,19
node0_6549,node0,node2,100,1670505,1670524,19
node0_6550,node0,node3,100,1670505,1670524,19
node0_6551,node0,node4,100,1670505,1670524,19
node0_6552,node0,node1,100,1670727,1670747,20
node0_6553,node0,node2,100,1670727,1670747,20
node0_6554,node0,node3,100,1670727,1670747,20
node0_6555,node0,node4,100,1670727,1670747,20
node0_6556,node0,node1,100,1673500,1673519,19
node0_6557,node0,node2,100,1673500,1673519,19
node0_6558,node0,node3,100,1673500,1673519,19
node0_6559,node0,node4,100,1673500,1673519,19
node0_6560,node0,node1,100,1674436,1674455,19
node0_6561,node0,node2,100,1674436,1674455,19
node0_6562,node0,node3,100,1674436,1674455,19
node0_6563,node0,node4,100,1674436,1674455,19
node0_6564,node0,node1,100,1675397,1675416,19
node0_6565,node0,node2,100,1675397,1675416,19
node0_6566,node0,node3,100,1675397,1675416,19
node0_6567,node0,node4,100,1675397,1675416,19
node0_6568,node0,node1,100,1676390,1676409,19
node0_6569,node0,node2,100,1676390,1676409,19
node0_6570,node0,node3,100,1676390,1676409,19
node0_6571,node0,node4,100,1676390,1676409,19
node0_6572,node0,node1,100,1676669,1676687,18
node0_6573,node0,node2,100,1676669,1676687,18
node0_6574,node0,node3,100,1676669,1676687,18
node0_6575,node0,node4,100,1676669,1676687,18
node0_6576,node0,node1,100,1677171,1677189,18
node0_6577,node0,node2,100,1677171,1677189,18
node0_6578,node0,node3,100,1677171,1677189,18
node0_6579,node0,node4,100,1677171,1677189,18
node0_6580,node0,node1,100,1677407,1677426,19
node0_6581,node0,node2,100,1677407,1677426,19
node0_6582,node0,node3,100,1677407,1677426,19
node0_6583,node0,node4,100,1677407,1677426,19
node0_6584,node0,node1,100,1677572,1677590,18
node0_6585,node0,node2,100,1677572,1677590,18
node0_6586,node0,node3,100,1677572,1677590,18
node0_6587,node0,node4,100,1677572,1677590,18
node0_6588,node0,node1,100,1682130,1682149,19
node0_6589,node0,node2,100,1682130,1682149,19
node0_6590,node0,node3,100,1682130,1682149,19
node0_6591,node0,node4,100,1682130,1682149,19
node0_6592,node0,node1,100,1683492,1683512,20
node0_6593,node0,node2,100,1683492,1683512,20
node0_6594,node0,node3,100,1683492,1683512,20
node0_6595,node0,node4,100,1683492,1683512,20
node0_6596,node0,node1,100,1685605,1685624,19
node0_6597,node0,node2,100,1685605,1685624,19
node0_6598,node0,node3,100,1685605,1685624,19
node0_6599,node0,node4,100,1685605,1685624,19
node0_6600,node0,node1,100,1685624,1685643,19
node0_6601,node0,node2,100,1685624,1685643,19
node0_6602,node0,node3,100,1685624,1685643,19
node0_6603,node0,node4,100,1685624,1685643,19
node0_6604,node0,node1,100,1686825,1686844,19
node0_6605,node0,node2,100,1686825,1686844,19
node0_6606,node0,node3,100,1686825,1686844,19
node0_6607,node0,node4,100,1686825,1686844,19
node0_6608,node0,node1,100,1687192,1687210,18
node0_6609,node0,node2,100,1687192,1687210,18
node0_6610,node0,node3,100,1687192,1687210,18
node0_6611,node0,node4,100,1687192,1687210,18
node0_6612,node0,node1,100,1687881,1687899,18
node0_6613,node0,node2,100,1687881,1687899,18
node0_6614,node0,node3,100,1687881,1687899,18
node0_6615,node0,node4,100,1687881,1687899,18
node0_6616,node0,node1,100,1689006,1689025,19
node0_6617,node0,node2,100,1689006,1689025,19
node0_6618,node0,node3,100,1689006,1689025,19
node0_6619,node0,node4,100,1689006,1689025,19
node0_6620,node0,node1,100,1689038,1689058,20
node0_6621,node0,node2,100,1689038,1689058,20
node0_6622,node0,node3,100,1689038,1689058,20
node0_6623,node0,node4,100,1689038,1689058,20
node0_6624,node0,node1,100,1689501,1689520,19
node0_6625,node0,node2,100,1689501,1689520,19
node0_6626,node0,node3,100,1689501,1689520,19
node0_6627,node0,node4,100,1689501,1689520,19
node0_6628,node0,node1,100,1690308,1690327,19
node0_6629,node0,node2,100,1690308,1690327,19
node0_6630,node0,node3,100,1690308,1690327,19
node0_6631,node0,node4,100,1690308,1690327,19
node0_6632,node0,node1,100,1692382,1692401,19
node0_6633,node0,node2,100,1692382,1692401,19
node0_6634,node0,node3,100,1692382,1692401,19
node0_6635,node0,node4,100,1692382,1692401,19
node0_6636,node0,node1,100,1693102,1693120,18
node0_6637,node0,node2,100,1693102,1693120,18
node0_6638,node0,node3,100,1693102,1693120,18
node0_6639,node0,node4,100,1693102,1693120,18
node0_6640,node0,node1,100,1693485,1693504,19
node0_6641,node0,node2,100,1693485,1693504,19
node0_6642,node0,node3,100,1693485,1693504,19
node0_6643,node0,node4,100,1693485,1693504,19
node0_6644,node0,node1,100,1694410,1694429,19
node0_6645,node0,node2,100,1694410,1694429,19
node0_6646,node0,node3,100,1694410,1694429,19
node0_6647,node0,node4,100,1694410,1694429,19
node0_6648,node0,node1,100,1695286,1695304,18
node0_6649,node0,node2,100,1695286,1695304,18
node0_6650,node0,node3,100,1695286,1695304,18
node0_6651,node0,node4,100,1695286,1695304,18
node0_6652,node0,node1,100,1695632,1695650,18
node0_6653,node0,node2,100,1695632,1695650,18
node0_6654,node0,node3,100,1695632,1695650,18
node0_6655,node0,node4,100,1695632,1695650,18
node0_6656,node0,node1,100,1696426,1696445,19
node0_6657,node0,node2,100,1696426,1696445,19
node0_6658,node0,node3,100,1696426,1696445,19
node0_6659,node0,node4,100,1696426,1696445,19
node0_6660,node0,node1,100,1696749,1696767,18
node0_6661,node0,node2,100,1696749,1696767,18
node0_6662,node0,node3,100,1696749,1696767,18
node0_6663,node0,node4,100,1696749,1696767,18
node0_6664,node0,node1,100,1696767,1696786,19
node0_6665,node0,node2,100,1696767,1696786,19
node0_6666,node0,node3,100,1696767,1696786,19
node0_6667,node0,node4,100,1696767,1696786,19
node0_6668,node0,node1,100,1697133,1697152,19
node0_6669,node0,node2,100,1697133,1697152,19
node0_6670,node0,node3,100,1697133,1697152,19
node0_6671,node0,node4,100,1697133,1697152,19
node0_6672,node0,node1,100,1697223,1697242,19
node0_6673,node0,node2,100,1697223,1697242,19
node0_6674,node0,node3,100,1697223,1697242,19
node0_6675,node0,node4,100,1697223,1697242,19
node0_6676,node0,node1,100,1697900,1697918,18
node0_6677,node0,node2,100,1697900,1697918,18
node0_6678,node0,node3,100,1697900,1697918,18
node0_6679,node0,node4,100,1697900,1697918,18
node0_6680,node0,node1,100,1698596,1698615,19
node0_6681,node0,node2,100,1698596,1698615,19
node0_6682,node0,node3,100,1698596,1698615,19
node0_6683,node0,node4,100,1698596,1698615,19
node0_6684,node0,node1,100,1700638,1700658,20
node0_6685,node0,node2,100,1700638,1700658,20
node0_6686,node0,node3,100,1700638,1700658,20
node0_6687,node0,node4,100,1700638,1700658,20
node0_6688,node0,node1,100,1702016,1702035,19
node0_6689,node0,node2,100,1702016,1702035,19
node0_6690,node0,node3,100,1702016,1702035,19
node0_6691,node0,node4,100,1702016,1702035,19
node0_6692,node0,node1,100,1703399,1703417,18
node0_6693,node0,node2,100,1703399,1703417,18
node0_6694,node0,node3,100,1703399,1703417,18
node0_6695,node0,node4,100,1703399,1703417,18
node0_6696,node0,node1,100,1707970,1707990,20
node0_6697,node0,node2,100,1707970,1707990,20
node0_6698,node0,node3,100,1707970,1707990,20
node0_6699,node0,node4,100,1707970,1707990,20
node0_6700,node0,node1,100,1708277,1708295,18
node0_6701,node0,node2,100,1708277,1708295,18
node0_6702,node0,node3,100,1708277,1708295,18
node0_6703,node0,node4,100,1708277,1708295,18
node0_6704,node0,node1,100,1708744,1708763,19
node0_6705,node0,node2,100,1708744,1708763,19
node0_6706,node0,node3,100,1708744,1708763,19
node0_6707,node0,node4,100,1708744,1708763,19
node0_6708,node0,node1,100,1709006,1709026,20
node0_6709,node0,node2,100,1709006,1709026,20
node0_6710,node0,node3,100,1709006,1709026,20
node0_6711,node0,node4,100,1709006,1709026,20
node0_6712,node0,node1,100,1709114,1709133,19
node0_6713,node0,node2,100,1709114,1709133,19
node0_6714,node0,node3,100,1709114,1709133,19
node0_6715,node0,node4,100,1709114,1709133,19
node0_6716,node0,node1,100,1709838,1709857,19
node0_6717,node0,node2,100,1709838,1709857,19
node0_6718,node0,node3,100,1709838,1709857,19
node0_6719,node0,node4,100,1709838,1709857,19
node0_6720,node0,node1,100,1710554,1710574,20
node0_6721,node0,node2,100,1710554,1710574,20
node0_6722,node0,node3,100,1710554,1710574,20
node0_6723,node0,node4,100,1710554,1710574,20
node0_6724,node0,node1,100,1710693,1710712,19
node0_6725,node0,node2,100,1710693,1710712,19
node0_6726,node0,node3,100,1710693,1710712,19
node0_6727,node0,node4,100,1710693,1710712,19
node0_6728,node0,node1,100,1713251,1713270,19
node0_6729,node0,node2,100,1713251,1713270,19
node0_6730,node0,node3,100,1713251,1713270,19
node0_6731,node0,node4,100,1713251,1713270,19
node0_6732,node0,node1,100,1717091,1717110,19
node0_6733,node0,node2,100,1717091,1717110,19
node0_6734,node0,node3,100,1717091,1717110,19
node0_6735,node0,node4,100,1717091,1717110,19
node0_6736,node0,node1,100,1717161,1717180,19
node0_6737,node0,node2,100,1717161,1717180,19
node0_6738,node0,node3,100,1717161,1717180,19
node0_6739,node0,node4,100,1717161,1717180,19
node0_6740,node0,node1,100,1717180,1717199,19
node0_6741,node0,node2,100,1717180,1717199,19
node0_6742,node0,node3,100,1717180,1717199,19
node0_6743,node0,node4,100,1717180,1717199,19
node0_6744,node0,node1,100,1717228,1717246,18
node0_6745,node0,node2,100,1717228,1717246,18
node0_6746,node0,node3,100,1717228,1717246,18
node0_6747,node0,node4,100,1717228,1717246,18
node0_6748,node0,node1,100,1718544,1718563,19
node0_6749,node0,node2,100,1718544,1718563,19
node0_6750,node0,node3,100,1718544,1718563,19
node0_6751,node0,node4,100,1718544,1718563,19
node0_6752,node0,node1,100,1720458,1720476,18
node0_6753,node0,node2,100,1720458,1720476,18
node0_6754,node0,node3,100,1720458,1720476,18
node0_6755,node0,node4,100,1720458,1720476,18
node0_6756,node0,node1,100,1720527,1720546,19
node0_6757,node0,node2,100,1720527,1720546,19
node0_6758,node0,node3,100,1720527,1720546,19
node0_6759,node0,node4,100,1720527,1720546,19
node0_6760,node0,node1,100,1720546,1720566,20
node0_6761,node0,node2,100,1720546,1720566,20
node0_6762,node0,node3,100,1720546,1720566,20
node0_6763,node0,node4,100,1720546,1720566,20
node0_6764,node0,node1,100,1721308,1721327,19
node0_6765,node0,node2,100,1721308,1721327,19
node0_6766,node0,node3,100,1721308,1721327,19
node0_6767,node0,node4,100,1721308,1721327,19
node0_6768,node0,node1,100,1721712,1721730,18
node0_6769,node0,node2,100,1721712,1721730,18
node0_6770,node0,node3,100,1721712,1721730,18
node0_6771,node0,node4,100,1721712,1721730,18
node0_6772,node0,node1,100,1721731,1721750,19
node0_6773,node0,node2,100,1721731,1721750,19
node0_6774,node0,node3,100,1721731,1721750,19
node0_6775,node0,node4,100,1721731,1721750,19
node0_6776,node0,node1,100,1721750,1721769,19
node0_6777,node0,node2,100,1721750,1721769,19
node0_6778,node0,node3,100,1721750,1721769,19
node0_6779,node0,node4,100,1721750,1721769,19
node0_6780,node0,node1,100,1721978,1721997,19
node0_6781,node0,node2,100,1721978,1721997,19
node0_6782,node0,node3,100,1721978,1721997,19
node0_6783,node0,node4,100,1721978,1721997,19
node0_6784,node0,node1,100,1722201,1722220,19
node0_6785,node0,node2,100,1722201,1722220,19
node0_6786,node0,node3,100,1722201,1722220,19
node0_6787,node0,node4,100,1722201,1722220,19
node0_6788,node0,node1,100,1722551,1722571,20
node0_6789,node0,node2,100,1722551,1722571,20
node0_6790,node0,node3,100,1722551,1722571,20
node0_6791,node0,node4,100,1722551,1722571,20
node0_6792,node0,node1,100,1723351,1723370,19
node0_6793,node0,node2,100,1723351,1723370,19
node0_6794,node0,node3,100,1723351,1723370,19
node0_6795,node0,node4,100,1723351,1723370,19
node0_6796,node0,node1,100,1723640,1723658,18
node0_6797,node0,node2,100,1723640,1723658,18
node0_6798,node0,node3,100,1723640,1723658,18
node0_6799,node0,node4,100,1723640,1723658,18
node0_6800,node0,node1,100,1723906,1723925,19
node0_6801,node0,node2,100,1723906,1723925,19
node0_6802,node0,node3,100,1723906,1723925,19
node0_6803,node0,node4,100,1723906,1723925,19
node0_6804,node0,node1,100,1724143,1724161,18
node0_6805,node0,node2,100,1724143,1724161,18
node0_6806,node0,node3,100,1724143,1724161,18
node0_6807,node0,node4,100,1724143,1724161,18
node0_6808,node0,node1,100,1726323,1726341,18
node0_6809,node0,node2,100,1726323,1726341,18
node0_6810,node0,node3,100,1726323,1726341,18
node0_6811,node0,node4,100,1726323,1726341,18
node0_6812,node0,node1,100,1726596,1726616,20
node0_6813,node0,node2,100,1726596,1726616,20
node0_6814,node0,node3,100,1726596,1726616,20
node0_6815,node0,node4,100,1726596,1726616,20
node0_6816,node0,node1,100,1727406,1727424,18
node0_6817,node0,node2,100,1727406,1727424,18
node0_6818,node0,node3,100,1727406,1727424,18
node0_6819,node0,node4,100,1727406,1727424,18
node0_6820,node0,node1,100,1728009,1728027,18
node0_6821,node0,node2,100,1728009,1728027,18
node0_6822,node0,node3,100,1728009,1728027,18
node0_6823,node0,node4,100,1728009,1728027,18
node0_6824,node0,node1,100,1728412,1728432,20
node0_6825,node0,node2,100,1728412,1728432,20
node0_6826,node0,node3,100,1728412,1728432,20
node0_6827,node0,node4,100,1728412,1728432,20
node0_6828,node0,node1,100,1728934,1728953,19
node0_6829,node0,node2,100,1728934,1728953,19
node0_6830,node0,node3,100,1728934,1728953,19
node0_6831,node0,node4,100,1728934,1728953,19
node0_6832,node0,node1,100,1728953,1728972,19
node0_6833,node0,node2,100,1728953,1728972,19
node0_6834,node0,node3,100,1728953,1728972,19
node0_6835,node0,node4,100,1728953,1728972,19
node0_6836,node0,node1,100,1729155,1729174,19
node0_6837,node0,node2,100,1729155,1729174,19
node0_6838,node0,node3,100,1729155,1729174,19
node0_6839,node0,node4,100,1729155,1729174,19
node0_6840,node0,node1,100,1730177,1730197,20
node0_6841,node0,node2,100,1730177,1730197,20
node0_6842,node0,node3,100,1730177,1730197,20
node0_6843,node0,node4,100,1730177,1730197,20
node0_6844,node0,node1,100,1731610,1731629,19
node0_6845,node0,node2,100,1731610,1731629,19
node0_6846,node0,node3,100,1731610,1731629,19
node0_6847,node0,node4,100,1731610,1731629,19
node0_6848,node0,node1,100,1731856,1731874,18
node0_6849,node0,node2,100,1731856,1731874,18
node0_6850,node0,node3,100,1731856,1731874,18
node0_6851,node0,node4,100,1731856,1731874,18
node0_6852,node0,node1,100,1732050,1732069,19
node0_6853,node0,node2,100,1732050,1732069,19
node0_6854,node0,node3,100,1732050,1732069,19
node0_6855,node0,node4,100,1732050,1732069,19
node0_6856,node0,node1,100,1734412,1734431,19
node0_6857,node0,node2,100,1734412,1734431,19
node0_6858,node0,node3,100,1734412,1734431,19
node0_6859,node0,node4,100,1734412,1734431,19
node0_6860,node0,node1,100,1734515,1734534,19
node0_6861,node0,node2,100,1734515,1734534,19
node0_6862,node0,node3,100,1734515,1734534,19
node0_6863,node0,node4,100,1734515,1734534,19
node0_6864,node0,node1,100,1736099,1736119,20
node0_6865,node0,node2,100,1736099,1736119,20
node0_6866,node0,node3,100,1736099,1736119,20
node0_6867,node0,node4,100,1736099,1736119,20
node0_6868,node0,node1,100,1738203,1738222,19
node0_6869,node0,node2,100,1738203,1738222,19
node0_6870,node0,node3,100,1738203,1738222,19
node0_6871,node0,node4,100,1738203,1738222,19
node0_6872,node0,node1,100,1738361,1738380,19
node0_6873,node0,node2,100,1738361,1738380,19
node0_6874,node0,node3,100,1738361,1738380,19
node0_6875,node0,node4,100,1738361,1738380,19
node0_6876,node0,node1,100,1740151,1740171,20
node0_6877,node0,node2,100,1740151,1740171,20
node0_6878,node0,node3,100,1740151,1740171,20
node0_6879,node0,node4,100,1740151,1740171,20
node0_6880,node0,node1,100,1740313,1740331,18
node0_6881,node0,node2,100,1740313,1740331,18
node0_6882,node0,node3,100,1740313,1740331,18
node0_6883,node0,node4,100,1740313,1740331,18
node0_6884,node0,node1,100,1740357,1740375,18
node0_6885,node0,node2,100,1740357,1740375,18
node0_6886,node0,node3,100,1740357,1740375,18
node0_6887,node0,node4,100,1740357,1740375,18
node0_6888,node0,node1,100,1740694,1740713,19
node0_6889,node0,node2,100,1740694,1740713,19
node0_6890,node0,node3,100,1740694,1740713,19
node0_6891,node0,node4,100,1740694,1740713,19
node0_6892,node0,node1,100,1741117,1741136,19
node0_6893,node0,node2,100,1741117,1741136,19
node0_6894,node0,node3,100,1741117,1741136,19
node0_6895,node0,node4,100,1741117,1741136,19
node0_6896,node0,node1,100,1742007,1742025,18
node0_6897,node0,node2,100,1742007,1742025,18
node0_6898,node0,node3,100,1742007,1742025,18
node0_6899,node0,node4,100,1742007,1742025,18
node0_6900,node0,node1,100,1742591,1742609,18
node0_6901,node0,node2,100,1742591,1742609,18
node0_6902,node0,node3,100,1742591,1742609,18
node0_6903,node0,node4,100,1742591,1742609,18
node0_6904,node0,node1,100,1744169,1744189,20
node0_6905,node0,node2,100,1744169,1744189,20
node0_6906,node0,node3,100,1744169,1744189,20
node0_6907,node0,node4,100,1744169,1744189,20
node0_6908,node0,node1,100,1745262,1745281,19
node0_6909,node0,node2,100,1745262,1745281,19
node0_6910,node0,node3,100,1745262,1745281,19
node0_6911,node0,node4,100,1745262,1745281,19
node0_6912,node0,node1,100,1745388,1745406,18
node0_6913,node0,node2,100,1745388,1745406,18
node0_6914,node0,node3,100,1745388,1745406,18
node0_6915,node0,node4,100,1745388,1745406,18
node0_6916,node0,node1,100,1745615,1745635,20
node0_6917,node0,node2,100,1745615,1745635,20
node0_6918,node0,node3,100,1745615,1745635,20
node0_6919,node0,node4,100,1745615,1745635,20
node0_6920,node0,node1,100,1746986,1747005,19
node0_6921,node0,node2,100,1746986,1747005,19
node0_6922,node0,node3,100,1746986,1747005,19
node0_6923,node0,node4,100,1746986,1747005,19
node0_6924,node0,node1,100,1747109,1747128,19
node0_6925,node0,node2,100,1747109,1747128,19
node0_6926,node0,node3,100,1747109,1747128,19
node0_6927,node0,node4,100,1747109,1747128,19
node0_6928,node0,node1,100,1750159,1750179,20
node0_6929,node0,node2,100,1750159,1750179,20
node0_6930,node0,node3,100,1750159,1750179,20
node0_6931,node0,node4,100,1750159,1750179,20
node0_6932,node0,node1,100,1751828,1751847,19
node0_6933,node0,node2,100,1751828,1751847,19
node0_6934,node0,node3,100,1751828,1751847,19
node0_6935,node0,node4,100,1751828,1751847,19
node0_6936,node0,node1,100,1752076,1752095,19
node0_6937,node0,node2,100,1752076,1752095,19
node0_6938,node0,node3,100,1752076,1752095,19
node0_6939,node0,node4,100,1752076,1752095,19
node0_6940,node0,node1,100,1752413,1752433,20
node0_6941,node0,node2,100,1752413,1752433,20
node0_6942,node0,node3,100,1752413,1752433,20
node0_6943,node0,node4,100,1752413,1752433,20
node0_6944,node0,node1,100,1752703,1752721,18
node0_6945,node0,node2,100,1752703,1752721,18
node0_6946,node0,node3,100,1752703,1752721,18
node0_6947,node0,node4,100,1752703,1752721,18
node0_6948,node0,node1,100,1753253,1753271,18
node0_6949,node0,node2,100,1753253,1753271,18
node0_6950,node0,node3,100,1753253,1753271,18
node0_6951,node0,node4,100,1753253,1753271,18
node0_6952,node0,node1,100,1753539,1753558,19
node0_6953,node0,node2,100,1753539,1753558,19
node0_6954,node0,node3,100,1753539,1753558,19
node0_6955,node0,node4,100,1753539,1753558,19
node0_6956,node0,node1,100,1753572,1753592,20
node0_6957,node0,node2,100,1753572,1753592,20
node0_6958,node0,node3,100,1753572,1753592,20
node0_6959,node0,node4,100,1753572,1753592,20
node0_6960,node0,node1,100,1753862,1753881,19
node0_6961,node0,node2,100,1753862,1753881,19
node0_6962,node0,node3,100,1753862,1753881,19
node0_6963,node0,node4,100,1753862,1753881,19
node0_6964,node0,node1,100,1754078,1754096,18
node0_6965,node0,node2,100,1754078,1754096,18
node0_6966,node0,node3,100,1754078,1754096,18
node0_6967,node0,node4,100,1754078,1754096,18
node0_6968,node0,node1,100,1754509,1754528,19
node0_6969,node0,node2,100,1754509,1754528,19
node0_6970,node0,node3,100,1754509,1754528,19
node0_6971,node0,node4,100,1754509,1754528,19
node0_6972,node0,node1,100,1755115,1755134,19
node0_6973,node0,node2,100,1755115,1755134,19
node0_6974,node0,node3,100,1755115,1755134,19
node0_6975,node0,node4,100,1755115,1755134,19
node0_6976,node0,node1,100,1757189,1757208,19
node0_6977,node0,node2,100,1757189,1757208,19
node0_6978,node0,node3,100,1757189,1757208,19
node0_6979,node0,node4,100,1757189,1757208,19
node0_6980,node0,node1,100,1758266,1758285,19
node0_6981,node0,node2,100,1758266,1758285,19
node0_6982,node0,node3,100,1758266,1758285,19
node0_6983,node0,node4,100,1758266,1758285,19
node0_6984,node0,node1,100,1759222,1759240,18
node0_6985,node0,node2,100,1759222,1759240,18
node0_6986,node0,node3,100,1759222,1759240,18
node0_6987,node0,node4,100,1759222,1759240,18
node0_6988,node0,node1,100,1761221,1761239,18
node0_6989,node0,node2,100,1761221,1761239,18
node0_6990,node0,node3,100,1761221,1761239,18
node0_6991,node0,node4,100,1761221,1761239,18
node0_6992,node0,node1,100,1761710,1761730,20
node0_6993,node0,node2,100,1761710,1761730,20
node0_6994,node0,node3,100,1761710,1761730,20
node0_6995,node0,node4,100,1761710,1761730,20
node0_6996,node0,node1,100,1762265,1762284,19
node0_6997,node0,node2,100,1762265,1762284,19
node0_6998,node0,node3,100,1762265,1762284,19
node0_6999,node0,node4,100,1762265,1762284,19
node0_7000,node0,node1,100,1762545,1762563,18
node0_7001,node0,node2,100,1762545,1762563,18
node0_7002,node0,node3,100,1762545,1762563,18
node0_7003,node0,node4,100,1762545,1762563,18
node0_7004,node0,node1,100,1764318,1764336,18
node0_7005,node0,node2,100,1764318,1764336,18
node0_7006,node0,node3,100,1764318,1764336,18
node0_7007,node0,node4,100,1764318,1764336,18
node0_7008,node0,node1,100,1766417,1766437,20
node0_7009,node0,node2,100,1766417,1766437,20
node0_7010,node0,node3,100,1766417,1766437,20
node0_7011,node0,node4,100,1766417,1766437,20
node0_7012,node0,node1,100,1768834,1768852,18
node0_7013,node0,node2,100,1768834,1768852,18
node0_7014,node0,node3,100,1768834,1768852,18
node0_7015,node0,node4,100,1768834,1768852,18
node0_7016,node0,node1,100,1769763,1769782,19
node0_7017,node0,node2,100,1769763,1769782,19
node0_7018,node0,node3,100,1769763,1769782,19
node0_7019,node0,node4,100,1769763,1769782,19
node0_7020,node0,node1,100,1769884,1769904,20
node0_7021,node0,node2,100,1769884,1769904,20
node0_7022,node0,node3,100,1769884,1769904,20
node0_7023,node0,node4,100,1769884,1769904,20
node0_7024,node0,node1,100,1769959,1769978,19
node0_7025,node0,node2,100,1769959,1769978,19
node0_7026,node0,node3,100,1769959,1769978,19
node0_7027,node0,node4,100,1769959,1769978,19
node0_7028,node0,node1,100,1771556,1771575,19
node0_7029,node0,node2,100,1771556,1771575,19
node0_7030,node0,node3,100,1771556,1771575,19
node0_7031,node0,node4,100,1771556,1771575,19
node0_7032,node0,node1,100,1773723,1773743,20
node0_7033,node0,node2,100,1773723,1773743,20
node0_7034,node0,node3,100,1773723,1773743,20
node0_7035,node0,node4,100,1773723,1773743,20
node0_7036,node0,node1,100,1774483,1774502,19
node0_7037,node0,node2,100,1774483,1774502,19
node0_7038,node0,node3,100,1774483,1774502,19
node0_7039,node0,node4,100,1774483,1774502,19
node0_7040,node0,node1,100,1777018,1777037,19
node0_7041,node0,node2,100,1777018,1777037,19
node0_7042,node0,node3,100,1777018,1777037,19
node0_7043,node0,node4,100,1777018,1777037,19
node0_7044,node0,node1,100,1779688,1779707,19
node0_7045,node0,node2,100,1779688,1779707,19
node0_7046,node0,node3,100,1779688,1779707,19
node0_7047,node0,node4,100,1779688,1779707,19
node0_7048,node0,node1,100,1781094,1781113,19
node0_7049,node0,node2,100,1781094,1781113,19
node0_7050,node0,node3,100,1781094,1781113,19
node0_7051,node0,node4,100,1781094,1781113,19
node0_7052,node0,node1,100,1781557,1781576,19
node0_7053,node0,node2,100,1781557,1781576,19
node0_7054,node0,node3,100,1781557,1781576,19
node0_7055,node0,node4,100,1781557,1781576,19
node0_7056,node0,node1,100,1782166,1782185,19
node0_7057,node0,node2,100,1782166,1782185,19
node0_7058,node0,node3,100,1782166,1782185,19
node0_7059,node0,node4,100,1782166,1782185,19
node0_7060,node0,node1,100,1782600,1782619,19
node0_7061,node0,node2,100,1782600,1782619,19
node0_7062,node0,node3,100,1782600,1782619,19
node0_7063,node0,node4,100,1782600,1782619,19
node0_7064,node0,node1,100,1783104,1783122,18
node0_7065,node0,node2,100,1783104,1783122,18
node0_7066,node0,node3,100,1783104,1783122,18
node0_7067,node0,node4,100,1783104,1783122,18
node0_7068,node0,node1,100,1783741,1783759,18
node0_7069,node0,node2,100,1783741,1783759,18
node0_7070,node0,node3,100,1783741,1783759,18
node0_7071,node0,node4,100,1783741,1783759,18
node0_7072,node0,node1,100,1783759,1783779,20
node0_7073,node0,node2,100,1783759,1783779,20
node0_7074,node0,node3,100,1783759,1783779,20
node0_7075,node0,node4,100,1783759,1783779,20
node0_7076,node0,node1,100,1783895,1783914,19
node0_7077,node0,node2,100,1783895,1783914,19
node0_7078,node0,node3,100,1783895,1783914,19
node0_7079,node0,node4,100,1783895,1783914,19
node0_7080,node0,node1,100,1784079,1784098,19
node0_7081,node0,node2,100,1784079,1784098,19
node0_7082,node0,node3,100,1784079,1784098,19
node0_7083,node0,node4,100,1784079,1784098,19
node0_7084,node0,node1,100,1784915,1784934,19
node0_7085,node0,node2,100,1784915,1784934,19
node0_7086,node0,node3,100,1784915,1784934,19
node0_7087,node0,node4,100,1784915,1784934,19
node0_7088,node0,node1,100,1786968,1786986,18
node0_7089,node0,node2,100,1786968,1786986,18
node0_7090,node0,node3,100,1786968,1786986,18
node0_7091,node0,node4,100,1786968,1786986,18
node0_7092,node0,node1,100,1788211,1788230,19
node0_7093,node0,node2,100,1788211,1788230,19
node0_7094,node0,node3,100,1788211,1788230,19
node0_7095,node0,node4,100,1788211,1788230,19
node0_7096,node0,node1,100,1788373,1788393,20
node0_7097,node0,node2,100,1788373,1788393,20
node0_7098,node0,node3,100,1788373,1788393,20
node0_7099,node0,node4,100,1788373,1788393,20
node0_7100,node0,node1,100,1788985,1789004,19
node0_7101,node0,node2,100,1788985,1789004,19
node0_7102,node0,node3,100,1788985,1789004,19
node0_7103,node0,node4,100,1788985,1789004,19
node0_7104,node0,node1,100,1789972,1789991,19
node0_7105,node0,node2,100,1789972,1789991,19
node0_7106,node0,node3,100,1789972,1789991,19
node0_7107,node0,node4,100,1789972,1789991,19
node0_7108,node0,node1,100,1790117,1790137,20
node0_7109,node0,node2,100,1790117,1790137,20
node0_7110,node0,node3,100,1790117,1790137,20
node0_7111,node0,node4,100,1790117,1790137,20
node0_7112,node0,node1,100,1790200,1790219,19
node0_7113,node0,node2,100,1790200,1790219,19
node0_7114,node0,node3,100,1790200,1790219,19
node0_7115,node0,node4,100,1790200,1790219,19
node0_7116,node0,node1,100,1791147,1791166,19
node0_7117,node0,node2,100,1791147,1791166,19
node0_7118,node0,node3,100,1791147,1791166,19
node0_7119,node0,node4,100,1791147,1791166,19
node0_7120,node0,node1,100,1791415,1791433,18
node0_7121,node0,node2,100,1791415,1791433,18
node0_7122,node0,node3,100,1791415,1791433,18
node0_7123,node0,node4,100,1791415,1791433,18
node0_7124,node0,node1,100,1792451,1792470,19
node0_7125,node0,node2,100,1792451,1792470,19
node0_7126,node0,node3,100,1792451,1792470,19
node0_7127,node0,node4,100,1792451,1792470,19
node0_7128,node0,node1,100,1792639,1792657,18
node0_7129,node0,node2,100,1792639,1792657,18
node0_7130,node0,node3,100,1792639,1792657,18
node0_7131,node0,node4,100,1792639,1792657,18
node0_7132,node0,node1,100,1794577,1794596,19
node0_7133,node0,node2,100,1794577,1794596,19
node0_7134,node0,node3,100,1794577,1794596,19
node0_7135,node0,node4,100,1794577,1794596,19
node0_7136,node0,node1,100,1794947,1794966,19
node0_7137,node0,node2,100,1794947,1794966,19
node0_7138,node0,node3,100,1794947,1794966,19
node0_7139,node0,node4,100,1794947,1794966,19
node0_7140,node0,node1,100,1795506,1795524,18
node0_7141,node0,node2,100,1795506,1795524,18
node0_7142,node0,node3,100,1795506,1795524,18
node0_7143,node0,node4,100,1795506,1795524,18
node0_7144,node0,node1,100,1796305,1796324,19
node0_7145,node0,node2,100,1796305,1796324,19
node0_7146,node0,node3,100,1796305,1796324,19
node0_7147,node0,node4,100,1796305,1796324,19
node0_7148,node0,node1,100,1798480,1798500,20
node0_7149,node0,node2,100,1798480,1798500,20
node0_7150,node0,node3,100,1798480,1798500,20
node0_7151,node0,node4,100,1798480,1798500,20
